1.000000000000000082e-05
1.084365968689610889e-05
1.175849554052155680e-05
1.275051240713012877e-05
1.382622173764656422e-05
1.499268432786047117e-05
1.625755666443793416e-05
1.762914118095948102e-05
1.911644075385703765e-05
2.072921779595369722e-05
2.247805833548725246e-05
2.437444150122221616e-05
2.643081486974102921e-05
2.866067616948250315e-05
3.107866187782013960e-05
3.370064329271925001e-05
3.654383070957254701e-05
3.962688638701478144e-05
4.297004704320843692e-05
4.659525668664677475e-05
5.052631065335679548e-05
5.478901179593944910e-05
5.941133984965039921e-05
6.442363508721369713e-05
6.985879746785248997e-05
7.575250258771920673e-05
8.214343584919422232e-05
8.907354638610440330e-05
9.658832241158708354e-05
1.047370897959449686e-04
1.135733358343105206e-04
1.231550603292826216e-04
1.335451562929898853e-04
1.448118227674532956e-04
1.570290124729377390e-04
1.702769172225899476e-04
1.846424942895542453e-04
2.002200371815584547e-04
2.171117945694505205e-04
2.354286414322417768e-04
2.552908068239516468e-04
2.768286630392066683e-04
3.001835813575589175e-04
3.255088599835056465e-04
3.529707302730650319e-04
3.827494478516315301e-04
4.150404757850472488e-04
4.500557675700497698e-04
4.880251583654433758e-04
5.291978735958442325e-04
5.738441648302393047e-04
6.222570836730231293e-04
6.747544053110692778e-04
7.316807143427192690e-04
7.934096665797492082e-04
8.603464416684509499e-04
9.329304026284686519e-04
1.011637979766207094e-03
1.096985797892384082e-03
1.189534067370319513e-03
1.289890261253307966e-03
1.398713102647238578e-03
1.516716888470922469e-03
1.644676177994664444e-03
1.783430876931909378e-03
1.933891750455230159e-03
2.097046401323232872e-03
2.273965752357927448e-03
2.465811075822603882e-03
2.673841615839946464e-03
2.899422853882875021e-03
3.144035471591500111e-03
3.409285069746810937e-03
3.696912707195028347e-03
4.008806328898464194e-03
4.347013158125022023e-03
4.713753134116724017e-03
5.111433483440165799e-03
5.542664520663107344e-03
6.010276782070381706e-03
6.517339604882419792e-03
7.067181273927491438e-03
7.663410868007454815e-03
8.309941949353395751e-03
9.011018251665017798e-03
9.771241535346501458e-03
1.059560179277615859e-02
1.148951000187308641e-02
1.245883364295008108e-02
1.350993521198026563e-02
1.464971398307286267e-02
1.588565129428052766e-02
1.722585965398785654e-02
1.867913599020782842e-02
2.025501939230666543e-02
2.196385372416546911e-02
2.381685551976158235e-02
2.582618760682674902e-02
2.800503894183630979e-02
3.036771118035457365e-02
3.292971255097151134e-02
3.570785964900462933e-02
3.872038781812553454e-02
4.198707084443910331e-02
4.552935074866947679e-02
4.937047852839003548e-02
5.353566677410724617e-02
5.805225516094895954e-02
6.294988990221887792e-02
6.826071834272386119e-02
7.401959996915644102e-02
8.026433522257174491e-02
8.703591361485166211e-02
9.437878277775381408e-02
1.023411402105452728e-01
1.109752496412072104e-01
1.203377840777590524e-01
1.304901978014401664e-01
1.414991297434576023e-01
1.534368408930013306e-01
1.663816886076127377e-01
1.804186409392071755e-01
1.956398343517064820e-01
2.121451784910627636e-01
2.300430119772916837e-01
2.494508135230316670e-01
2.704959730463137313e-01
2.933166278390042514e-01
3.180625692794118997e-01
3.448962260405759594e-01
3.739937302478794079e-01
4.055460735840827891e-01
4.397603609302720984e-01
4.768611697714474351e-01
5.170920242896754893e-01
5.607169938205458504e-01
6.080224261649427309e-01
6.593188271333542128e-01
7.149428986597576863e-01
7.752597488629464628e-01
8.406652885618316473e-01
9.115888299750818380e-01
9.884959046625586554e-01
1.071891319205128701e+00
1.162322468679851895e+00
1.260382929679727315e+00
1.366716356462007287e+00
1.482020705798857030e+00
1.607052818261638372e+00
1.742633386009650787e+00
1.889652339691207716e+00
2.049074689815846284e+00
2.221946860939523649e+00
2.409403560239526954e+00
2.612675225563326542e+00
2.833096101839323921e+00
3.072112998861759259e+00
3.331294787934670154e+00
3.612342699709430338e+00
3.917101490809260511e+00
4.247571552536894224e+00
4.605922041145103840e+00
4.994505115855139898e+00
5.415871378079476273e+00
5.872786613189476590e+00
6.368249944718586519e+00
6.905513520162330998e+00
7.488103857590014734e+00
8.119844993184008430e+00
8.804883581643464296e+00
9.547716114208066429e+00
1.035321843295661637e+01
1.122667773510813660e+01
1.217382727739662052e+01
1.320088400831416742e+01
1.431458937523478525e+01
1.552225357427047925e+01
1.683180353330955015e+01
1.825183494319042410e+01
1.979166867853557221e+01
2.146141197858405647e+01
2.327202478960407461e+01
2.523539170434765921e+01
2.736439997074672092e+01
2.967302408188866636e+01
3.217641750250735555e+01
3.489101213406773638e+01
3.783462617131925043e+01
4.102658105827190127e+01
4.448782831127585524e+01
4.824108704165373496e+01
5.231099308056258224e+01
5.672426068491977702e+01
6.150985788580504021e+01
6.669919663030114521e+01
7.232633896483532965e+01
7.842822061337682271e+01
8.504489341802685942e+01
9.221978823334322328e+01
1.000000000000000000e+02
