-7.968750000000000000e-01
-7.906250000000000222e-01
-7.843750000000000444e-01
-7.781250000000000666e-01
-7.718750000000000888e-01
-7.656250000000000000e-01
-7.593750000000000222e-01
-7.531250000000000444e-01
-7.468750000000000666e-01
-7.406250000000000888e-01
-7.343750000000000000e-01
-7.281250000000000222e-01
-7.218750000000000444e-01
-7.156250000000000666e-01
-7.093750000000000888e-01
-7.031250000000000000e-01
-6.968750000000000222e-01
-6.906250000000000444e-01
-6.843750000000000666e-01
-6.781250000000000888e-01
-6.718750000000000000e-01
-6.656250000000000222e-01
-6.593750000000000444e-01
-6.531250000000000666e-01
-6.468750000000000888e-01
-6.406250000000000000e-01
-6.343750000000000222e-01
-6.281250000000000444e-01
-6.218750000000000666e-01
-6.156250000000000888e-01
-6.093750000000000000e-01
-6.031250000000000222e-01
-5.968750000000000444e-01
-5.906250000000000666e-01
-5.843749999999999778e-01
-5.781250000000000000e-01
-5.718750000000000222e-01
-5.656250000000000444e-01
-5.593750000000000666e-01
-5.531249999999999778e-01
-5.468750000000000000e-01
-5.406250000000000222e-01
-5.343750000000000444e-01
-5.281250000000000666e-01
-5.218749999999999778e-01
-5.156250000000000000e-01
-5.093750000000000222e-01
-5.031250000000000444e-01
-4.968750000000000111e-01
-4.906250000000000333e-01
-4.843750000000000000e-01
-4.781250000000000777e-01
-4.718750000000000444e-01
-4.656250000000000666e-01
-4.593750000000000333e-01
-4.531250000000000555e-01
-4.468750000000000222e-01
-4.406250000000000444e-01
-4.343750000000000111e-01
-4.281250000000000333e-01
-4.218750000000000000e-01
-4.156250000000000222e-01
-4.093750000000000444e-01
-4.031250000000000111e-01
-3.968750000000000333e-01
-3.906250000000000000e-01
-3.843750000000000222e-01
-3.781250000000000444e-01
-3.718750000000000111e-01
-3.656250000000000333e-01
-3.593750000000000000e-01
-3.531250000000000222e-01
-3.468749999999999889e-01
-3.406250000000000111e-01
-3.343749999999999778e-01
-3.281250000000000000e-01
-3.218749999999999667e-01
-3.156250000000000444e-01
-3.093749999999999556e-01
-3.031250000000000333e-01
-2.968750000000000000e-01
-2.906250000000000222e-01
-2.843750000000000444e-01
-2.781249999999999556e-01
-2.718750000000000888e-01
-2.656250000000000000e-01
-2.593750000000000222e-01
-2.531250000000000444e-01
-2.468749999999999556e-01
-2.406249999999999778e-01
-2.343750000000000000e-01
-2.281250000000000222e-01
-2.218750000000000444e-01
-2.156249999999999556e-01
-2.093749999999999778e-01
-2.031250000000000000e-01
-1.968750000000000222e-01
-1.906250000000000444e-01
-1.843749999999999556e-01
-1.781249999999999778e-01
-1.718750000000000000e-01
-1.656250000000000222e-01
-1.593750000000000444e-01
-1.531249999999999556e-01
-1.468749999999999778e-01
-1.406250000000000000e-01
-1.343750000000000222e-01
-1.281250000000001554e-01
-1.218749999999999556e-01
-1.156249999999999778e-01
-1.093750000000000000e-01
-1.031250000000001332e-01
-9.687500000000004441e-02
-9.062499999999995559e-02
-8.437499999999997780e-02
-7.812500000000011102e-02
-7.187500000000002220e-02
-6.562500000000004441e-02
-5.937499999999995559e-02
-5.312500000000008882e-02
-4.687500000000000000e-02
-4.062500000000002220e-02
-3.437500000000004441e-02
-2.812499999999984457e-02
-2.187499999999997780e-02
-1.562500000000000000e-02
-9.375000000000022204e-03
-3.125000000000044409e-03
3.125000000000044409e-03
9.375000000000022204e-03
1.562500000000000000e-02
2.187499999999997780e-02
2.812500000000006661e-02
3.437500000000004441e-02
4.062500000000002220e-02
4.687500000000000000e-02
5.312500000000008882e-02
5.937499999999995559e-02
6.562500000000004441e-02
7.187500000000002220e-02
7.812500000000011102e-02
8.437499999999997780e-02
9.062499999999995559e-02
9.687500000000004441e-02
1.031250000000001332e-01
1.093750000000000000e-01
1.156249999999999778e-01
1.218749999999999556e-01
1.281250000000001554e-01
1.343750000000000222e-01
1.406250000000000000e-01
1.468749999999999778e-01
1.531249999999999556e-01
1.593750000000000444e-01
1.656250000000000222e-01
1.718750000000000000e-01
1.781249999999999778e-01
1.843750000000000666e-01
1.906250000000000444e-01
1.968750000000000222e-01
2.031250000000000000e-01
2.093750000000000888e-01
2.156249999999999556e-01
2.218750000000000444e-01
2.281250000000001332e-01
2.343750000000000000e-01
2.406250000000000888e-01
2.468749999999999556e-01
2.531250000000000444e-01
2.593750000000001332e-01
2.656250000000000000e-01
2.718750000000000888e-01
2.781249999999999556e-01
2.843750000000000444e-01
2.906250000000001332e-01
2.968750000000000000e-01
3.031250000000000888e-01
3.093749999999999556e-01
3.156250000000000444e-01
3.218750000000001332e-01
3.281250000000000000e-01
3.343750000000000888e-01
3.406249999999999556e-01
3.468750000000000444e-01
3.531250000000001332e-01
3.593750000000000000e-01
3.656250000000000888e-01
3.718749999999999556e-01
3.781250000000000444e-01
3.843750000000001332e-01
3.906250000000000000e-01
3.968750000000000888e-01
4.031249999999999556e-01
4.093750000000000444e-01
4.156250000000001332e-01
4.218750000000000000e-01
4.281250000000000888e-01
4.343749999999999556e-01
4.406250000000000444e-01
4.468750000000001332e-01
4.531250000000000000e-01
4.593749999999998668e-01
4.656249999999997335e-01
4.718750000000000444e-01
4.781250000000001332e-01
4.843750000000000000e-01
4.906250000000000888e-01
4.968749999999999556e-01
5.031250000000000444e-01
5.093749999999999112e-01
5.156249999999997780e-01
5.218749999999996447e-01
5.281249999999999556e-01
5.343750000000000444e-01
5.406250000000001332e-01
5.468750000000000000e-01
5.531249999999998668e-01
5.593749999999999556e-01
5.656249999999998224e-01
5.718750000000001332e-01
5.781250000000000000e-01
5.843749999999998668e-01
5.906249999999999556e-01
5.968750000000000444e-01
6.031250000000001332e-01
6.093750000000000000e-01
6.156249999999998668e-01
6.218749999999997335e-01
6.281250000000000444e-01
6.343750000000001332e-01
6.406250000000000000e-01
6.468750000000000888e-01
6.531249999999999556e-01
6.593750000000000444e-01
6.656249999999999112e-01
6.718749999999997780e-01
6.781250000000000888e-01
6.843749999999999556e-01
6.906250000000000444e-01
6.968750000000001332e-01
7.031250000000000000e-01
7.093750000000000888e-01
7.156249999999999556e-01
7.218750000000002665e-01
7.281250000000001332e-01
7.343750000000000000e-01
7.406250000000000888e-01
7.468749999999999556e-01
7.531250000000000444e-01
7.593750000000001332e-01
7.656250000000000000e-01
7.718750000000003109e-01
7.781250000000001776e-01
7.843750000000000444e-01
7.906250000000001332e-01
7.968750000000000000e-01
