# Grain Size | Absorption Opacity | Scattering Opacity
1.000000000000000082e-05 6.046880517046528958e-01 6.514964808607731089e-09
1.084365968689610889e-05 6.046881133567995059e-01 7.464130837509639972e-09
1.175849554052155680e-05 6.046881837524465952e-01 8.634520985410317796e-09
1.275051240713012877e-05 6.046882654491938514e-01 1.008109594615675118e-08
1.382622173764656422e-05 6.046883605825729147e-01 1.187374822344582909e-08
1.499268432786047117e-05 6.046884717623608463e-01 1.410091389184256717e-08
1.625755666443793416e-05 6.046885937152607360e-01 1.687451314336638211e-08
1.762914118095948102e-05 6.046887386978254675e-01 2.033628230198351946e-08
1.911644075385703765e-05 6.046889105104864548e-01 2.466584246669858707e-08
2.072921779595369722e-05 6.046891119231564415e-01 3.009097573442573023e-08
2.247805833548725246e-05 6.046893482284435573e-01 3.690070916344170128e-08
2.437444150122221616e-05 6.046896238222774222e-01 4.546197760638036818e-08
2.643081486974102921e-05 6.046899458826160423e-01 5.624084853204056988e-08
2.866067616948250315e-05 6.046903233615237294e-01 6.982955505980011351e-08
3.107866187782013960e-05 6.046904914873176828e-01 8.698087586743471483e-08
3.370064329271925001e-05 6.046905944334045602e-01 1.086521454625538223e-07
3.654383070957254701e-05 6.046907699285380966e-01 1.360610990347684046e-07
3.962688638701478144e-05 6.046910231665638680e-01 1.707570861224162647e-07
4.297004704320843692e-05 6.046913594608669396e-01 2.147118849013954159e-07
4.659525668664677475e-05 6.046917875167039380e-01 2.704354183736384953e-07
5.052631065335679548e-05 6.046923187395168986e-01 3.411232261384710165e-07
5.478901179593944910e-05 6.046929667907274819e-01 4.308444396714361559e-07
5.941133984965039921e-05 6.046937483985257433e-01 5.447813708839655211e-07
6.442363508721369713e-05 6.046946838246540779e-01 6.895349292177966227e-07
6.985879746785248997e-05 6.046957987141377000e-01 8.735139314963634350e-07
7.575250258771920673e-05 6.046971214960081831e-01 1.107431383104020515e-06
8.214343584919422232e-05 6.046986877902460478e-01 1.404937177663405055e-06
8.907354638610440330e-05 6.047005374984942838e-01 1.783424618241882210e-06
9.658832241158708354e-05 6.047027197142278432e-01 2.265058732399085013e-06
1.047370897959449686e-04 6.047052916635178299e-01 2.878087132112989045e-06
1.135733358343105206e-04 6.047083215384043697e-01 3.658511455529456941e-06
1.231550603292826216e-04 6.047118874375069231e-01 4.652218061314076731e-06
1.335451562929898853e-04 6.047160829295050721e-01 5.917695065899816119e-06
1.448118227674532956e-04 6.047210194260975724e-01 7.529496198648948836e-06
1.570290124729377390e-04 6.047268254774100793e-01 9.582657227150876599e-06
1.702769172225899476e-04 6.047336537609444562e-01 1.219832761949665531e-05
1.846424942895542453e-04 6.047416830850549374e-01 1.553095027722534632e-05
2.002200371815584547e-04 6.047511240013272449e-01 1.977741777164973011e-05
2.171117945694505205e-04 6.047622240303772712e-01 2.518874633278277942e-05
2.354286414322417768e-04 6.047752752573642976e-01 3.208496264025995130e-05
2.552908068239516468e-04 6.047906211137372701e-01 4.087408642011935371e-05
2.768286630392066683e-04 6.048086637685647915e-01 5.207633885429215385e-05
3.001835813575589175e-04 6.048298783209740126e-01 6.635501276672034975e-05
3.255088599835056465e-04 6.048548203886281449e-01 8.455584003904878521e-05
3.529707302730650319e-04 6.048841488426703883e-01 1.077572119994268756e-04
3.827494478516315301e-04 6.049186343836480129e-01 1.373342042687533031e-04
4.150404757850472488e-04 6.049591845615355235e-01 1.750402686788348546e-04
4.500557675700497698e-04 6.050068664483827519e-01 2.231114223262829256e-04
4.880251583654433758e-04 6.050629355783527785e-01 2.843991608961367584e-04
5.291978735958442325e-04 6.051288698715555636e-01 3.625400356144120899e-04
5.738441648302393047e-04 6.052064076086967059e-01 4.621720028957975943e-04
6.222570836730231293e-04 6.052975943792832103e-01 5.892105324647234138e-04
6.747544053110692778e-04 6.054048373754543633e-01 7.512009671576385262e-04
7.316807143427192690e-04 6.055309370970984872e-01 9.577682792094337942e-04
7.934096665797492082e-04 6.056791270433481422e-01 1.221191260380421161e-03
8.603464416684509499e-04 6.058533907391623341e-01 1.557136166956314205e-03
9.329304026284686519e-04 6.060583581535006203e-01 1.985593234192334702e-03
1.011637979766207094e-03 6.062994502759695425e-01 2.532073642037166190e-03
1.096985797892384082e-03 6.065830483874399270e-01 3.229139601549902133e-03
1.189534067370319513e-03 6.069166678828644690e-01 4.118361049497637830e-03
1.289890261253307966e-03 6.073091627121409708e-01 5.252819030915682058e-03
1.398713102647238578e-03 6.077709670735773617e-01 6.700310727830050689e-03
1.516716888470922469e-03 6.083143834334859834e-01 8.547455462666091880e-03
1.644676177994664444e-03 6.089539195473800959e-01 1.090495938710027077e-02
1.783430876931909378e-03 6.097066977767380269e-01 1.391437182131334549e-02
1.933891750455230159e-03 6.105929392124622712e-01 1.775676606601893706e-02
2.097046401323232872e-03 6.116365396810685695e-01 2.266390657489827931e-02
2.273965752357927448e-03 6.128657681477708286e-01 2.893263688288892285e-02
2.465811075822603882e-03 6.143140947723537693e-01 3.694344546066481716e-02
2.673841615839946464e-03 6.160212055082536775e-01 4.718447735087583084e-02
2.899422853882875021e-03 6.180342095261233126e-01 6.028265011210513780e-02
3.144035471591500111e-03 6.204089673310584363e-01 7.704407485047824744e-02
3.409285069746810937e-03 6.232123183504187924e-01 9.850676365898350384e-02
3.696912707195028347e-03 6.265240516447916352e-01 1.260094971718896117e-01
4.008806328898464194e-03 6.304396904693849724e-01 1.612822099494102268e-01
4.347013158125022023e-03 6.350740372855261384e-01 2.065650517019925192e-01
4.713753134116724017e-03 6.405655958520928284e-01 2.647659030454925233e-01
5.111433483440165799e-03 6.470822303601599934e-01 3.396696946079852952e-01
5.542664520663107344e-03 6.548284888993822772e-01 4.362177675734646431e-01
6.010276782070381706e-03 6.640552125142620277e-01 5.608823124871968879e-01
6.517339604882419792e-03 6.750723584935598431e-01 7.221697898368655277e-01
7.067181273927491438e-03 6.882660406860960922e-01 9.312987577578655252e-01
7.663410868007454815e-03 7.041232327180575457e-01 1.203111835747799674e+00
8.309941949353395751e-03 7.232665972631302509e-01 1.557294207328416391e+00
9.011018251665017798e-03 7.465054615950306172e-01 2.019977374392491587e+00
9.771241535346501458e-03 7.749166278614277870e-01 2.625791041463123143e+00
1.059560179277615859e-02 8.099790115314358108e-01 3.420353003870522102e+00
1.148951000187308641e-02 8.538186655588464458e-01 4.463037091727318995e+00
1.245883364295008108e-02 9.097007291666058260e-01 5.829720431214602705e+00
1.350993521198026563e-02 9.831405020015644425e-01 7.615940869592507489e+00
1.464971398307286267e-02 1.084680449784453327e+00 9.946524993839560125e+00
1.588565129428052766e-02 1.237367498457873083e+00 1.302459758742892149e+01
1.722585965398785654e-02 1.495399870036252299e+00 1.734672570222596732e+01
1.867913599020782842e-02 1.942734511393928720e+00 2.409843702047214009e+01
2.025501939230666543e-02 2.448095972233812034e+00 3.298670909345953106e+01
2.196385372416546911e-02 2.712999043179651792e+00 4.026225074232009860e+01
2.381685551976158235e-02 2.782510945182413042e+00 4.463258399085049888e+01
2.582618760682674902e-02 2.867342429665170389e+00 4.724450587198960250e+01
2.800503894183630979e-02 3.269514114260603233e+00 5.015867132296117603e+01
3.036771118035457365e-02 3.597675947851300293e+00 5.214074680616380419e+01
3.292971255097151134e-02 3.660125933343631122e+00 5.194952767252260628e+01
3.570785964900462933e-02 3.819796670950777351e+00 5.050811127973362602e+01
3.872038781812553454e-02 4.027905423645095517e+00 4.796641027008093516e+01
4.198707084443910331e-02 4.088762674166247280e+00 4.481834384914376557e+01
4.552935074866947679e-02 4.216088677766687276e+00 4.158734388548970173e+01
4.937047852839003548e-02 4.239689689322638344e+00 3.829411611652614056e+01
5.353566677410724617e-02 4.280338751973177480e+00 3.573720984377138876e+01
5.805225516094895954e-02 4.234643970689661252e+00 3.361206940736140325e+01
6.294988990221887792e-02 4.158645250336268084e+00 3.194025536875396654e+01
6.826071834272386119e-02 4.071151402038081457e+00 3.032106872679784715e+01
7.401959996915644102e-02 3.969404501582419087e+00 2.843235068648940356e+01
8.026433522257174491e-02 3.859858912964058142e+00 2.633195129920109423e+01
8.703591361485166211e-02 3.766181898017171292e+00 2.429427336981849095e+01
9.437878277775381408e-02 3.682030225099847343e+00 2.255417438602717795e+01
1.023411402105452728e-01 3.603624719519999076e+00 2.101486576381586246e+01
1.109752496412072104e-01 3.510467079719716832e+00 1.944911047757231159e+01
1.203377840777590524e-01 3.384276267910694358e+00 1.791694564050048655e+01
1.304901978014401664e-01 3.235373778396062328e+00 1.660730534296406091e+01
1.414991297434576023e-01 3.073414026217578865e+00 1.543155288665989566e+01
1.534368408930013306e-01 2.897968540786047598e+00 1.427636400427391195e+01
1.663816886076127377e-01 2.710137662205172937e+00 1.318654262214374029e+01
1.804186409392071755e-01 2.528420939250382027e+00 1.221884972461699093e+01
1.956398343517064820e-01 2.359445695075601090e+00 1.133658943417105469e+01
2.121451784910627636e-01 2.199301722510679458e+00 1.046807999953380808e+01
2.300430119772916837e-01 2.046374615573839151e+00 9.676167350363623854e+00
2.494508135230316670e-01 1.897251800362417029e+00 8.980499968977001757e+00
2.704959730463137313e-01 1.754077869560812353e+00 8.329778030868329353e+00
2.933166278390042514e-01 1.620742390863911586e+00 7.693715202927541519e+00
3.180625692794118997e-01 1.498979400002408369e+00 7.110011776591088406e+00
3.448962260405759594e-01 1.387551954551511590e+00 6.570405046205913813e+00
3.739937302478794079e-01 1.285032496339551855e+00 6.056278725650098060e+00
4.055460735840827891e-01 1.190098941114762443e+00 5.589996643173062552e+00
4.397603609302720984e-01 1.101385900552630970e+00 5.162604759379892272e+00
4.768611697714474351e-01 1.018570202714201400e+00 4.764504416738953196e+00
5.170920242896754893e-01 9.418832417898804765e-01 4.401734457548502455e+00
5.607169938205458504e-01 8.705861595007489129e-01 4.060831559765146537e+00
6.080224261649427309e-01 8.047096531306566769e-01 3.746407841210003919e+00
6.593188271333542128e-01 7.442340838405596681e-01 3.452086822092081952e+00
7.149428986597576863e-01 6.889184906329867131e-01 3.179799503156488960e+00
7.752597488629464628e-01 6.382949907334319883e-01 2.926670669483296017e+00
8.406652885618316473e-01 5.919590644386634182e-01 2.692884022412500578e+00
9.115888299750818380e-01 5.494413473295566286e-01 2.477867583205376256e+00
9.884959046625586554e-01 5.102807020686523920e-01 2.280088405679862706e+00
1.071891319205128701e+00 4.740655329027178011e-01 2.098210060569444479e+00
1.162322468679851895e+00 4.405814053071527847e-01 1.931093841788570797e+00
1.260382929679727315e+00 4.096532449940826770e-01 1.777281113711511651e+00
1.366716356462007287e+00 3.810991433958287322e-01 1.635420624366816567e+00
1.482020705798857030e+00 3.547689030510502439e-01 1.504257310626266886e+00
1.607052818261638372e+00 3.304541281058001601e-01 1.382978328281901037e+00
1.742633386009650787e+00 3.080123146192357830e-01 1.270858912236065175e+00
1.889652339691207716e+00 2.872822343214713747e-01 1.167207080312983036e+00
2.049074689815846284e+00 2.681018274386474110e-01 1.071462304630256712e+00
2.221946860939523649e+00 2.503533116919912094e-01 9.833079048071778905e-01
2.409403560239526954e+00 2.339079246047255090e-01 9.021791189266754607e-01
2.612675225563326542e+00 2.186501771056622023e-01 8.277124127531658715e-01
2.833096101839323921e+00 2.044749532358378086e-01 7.593815802484765731e-01
3.072112998861759259e+00 1.912817468205507410e-01 6.966986573831126517e-01
3.331294787934670154e+00 1.789870901101587031e-01 6.391793474164410016e-01
3.612342699709430338e+00 1.675192484736014176e-01 5.863535039774977475e-01
3.917101490809260511e+00 1.568201888421037749e-01 5.377981072046388311e-01
4.247571552536894224e+00 1.468217303958704589e-01 4.931378744374906309e-01
4.605922041145103840e+00 1.374753224551267528e-01 4.520530812197602888e-01
4.994505115855139898e+00 1.287334018359761467e-01 4.142739424210709065e-01
5.415871378079476273e+00 1.205478283453651350e-01 3.795716680644451446e-01
5.872786613189476590e+00 1.128765419740628967e-01 3.477358902206963975e-01
6.368249944718586519e+00 1.056826782861946257e-01 3.185630638869617615e-01
6.905513520162330998e+00 9.893144691394102630e-02 2.918541912242516023e-01
7.488103857590014734e+00 9.259281089458563929e-02 2.674087907982603540e-01
8.119844993184008430e+00 8.664048854747950779e-02 2.450254312402196377e-01
8.804883581643464296e+00 8.104777700764638493e-02 2.245182353129822339e-01
9.547716114208066429e+00 7.579298602069063640e-02 2.057183266936817856e-01
1.035321843295661637e+01 7.085584947680820256e-02 1.884800099375765758e-01
1.122667773510813660e+01 6.621701484306255492e-02 1.726807844207556009e-01
1.217382727739662052e+01 6.185932639589369897e-02 1.582113376219890788e-01
1.320088400831416742e+01 5.776672761585996407e-02 1.449697378749172094e-01
1.431458937523478525e+01 5.392413773639238850e-02 1.328554578634070227e-01
1.552225357427047925e+01 5.031749453212661788e-02 1.217693980835472256e-01
1.683180353330955015e+01 4.693366299980190198e-02 1.116182492615702543e-01
1.825183494319042410e+01 4.376032692406631869e-02 1.023192751788066374e-01
1.979166867853557221e+01 4.078557167379982112e-02 9.380189040829710334e-02
2.146141197858405647e+01 3.799842290495729358e-02 8.600348143253835898e-02
2.327202478960407461e+01 3.538829734247143227e-02 7.886520241349036231e-02
2.523539170434765921e+01 3.294516605643062201e-02 7.232973046678746465e-02
2.736439997074672092e+01 3.065950211192583832e-02 6.634347556308621552e-02
2.967302408188866636e+01 2.852225820162328229e-02 6.085922806681663688e-02
3.217641750250735555e+01 2.652481386558504586e-02 5.583552908108357915e-02
3.489101213406773638e+01 2.465896685298198804e-02 5.123387831781371637e-02
3.783462617131925043e+01 2.291689977395605995e-02 4.701772557628726423e-02
4.102658105827190127e+01 2.129118811107559919e-02 4.315383323652178388e-02
4.448782831127585524e+01 1.977477753425930379e-02 3.961264724033501661e-02
4.824108704165373496e+01 1.836097106126452841e-02 3.636694839743802310e-02
5.231099308056258224e+01 1.704341447681338717e-02 3.339144349003159845e-02
5.672426068491977702e+01 1.581608487355998585e-02 3.066327113629517889e-02
6.150985788580504021e+01 1.467328275571538193e-02 2.816160096531097543e-02
6.669919663030114521e+01 1.360961635194105936e-02 2.586723737097801692e-02
7.232633896483532965e+01 1.261999268563552407e-02 2.376271173243365772e-02
7.842822061337682271e+01 1.169960393073512898e-02 2.183204332093660258e-02
8.504489341802685942e+01 1.084391466094359810e-02 2.006060752734072083e-02
9.221978823334322328e+01 1.004865417816069514e-02 1.843504328898334585e-02
1.000000000000000000e+02 9.309801631538444297e-03 1.694312447152502774e-02
