# Grain_Size | Absorption_q2.5 | Scattering_q2.5 | Absorption_q3.5 | Scattering_q3.5 | Absorption_q4.0 | Scattering_q4.0
1.000000000000000082e-05 6.046880517046528958e-01 6.514964808607731089e-09 6.046880517046528958e-01 6.514964808607731089e-09 6.046880517046528958e-01 6.514964808607731089e-09
1.084365968689610889e-05 6.046881133567995059e-01 7.464130837509639972e-09 6.046881110070225773e-01 7.427954832021246005e-09 6.046881098302070434e-01 7.409837159704898239e-09
1.175849554052155680e-05 6.046881837524465952e-01 8.634520985410317796e-09 6.046881770250791543e-01 8.524560663597232937e-09 6.046881736550313580e-01 8.469535193802686560e-09
1.275051240713012877e-05 6.046882654491938514e-01 1.008109594615675118e-08 6.046882517551770420e-01 9.845349066991950172e-09 6.046882448952819455e-01 9.727509343498947110e-09
1.382622173764656422e-05 6.046883605825729147e-01 1.187374822344582909e-08 6.046883366909835411e-01 1.144101493982027232e-08 6.046883247234039471e-01 1.122501148807531296e-08
1.499268432786047117e-05 6.046884717623608463e-01 1.410091389184256717e-08 6.046884336319453546e-01 1.337450833104898472e-08 6.046884145344106898e-01 1.301251571604037038e-08
1.625755666443793416e-05 6.046885937152607360e-01 1.687451314336638211e-08 6.046885379338414745e-01 1.572402857189511749e-08 6.046885099353597193e-01 1.515178883108447908e-08
1.762914118095948102e-05 6.046887386978254675e-01 2.033628230198351946e-08 6.046886589204456541e-01 1.858682467268505520e-08 6.046886188854050381e-01 1.771849191621905623e-08
1.911644075385703765e-05 6.046889105104864548e-01 2.466584246669858707e-08 6.046887990453536643e-01 2.208397742095454013e-08 6.046887431553569225e-01 2.080540874237813991e-08
2.072921779595369722e-05 6.046891119231564415e-01 3.009097573442573023e-08 6.046889598950044853e-01 2.636641358886893041e-08 6.046888837054129606e-01 2.452644785285075097e-08
2.247805833548725246e-05 6.046893482284435573e-01 3.690070916344170128e-08 6.046891448011929571e-01 3.162246945494454999e-08 6.046890428852048638e-01 2.902160246837321656e-08
2.437444150122221616e-05 6.046896238222774222e-01 4.546197760638036818e-08 6.046893563686265294e-01 3.808740945862122162e-08 6.046892223603335115e-01 3.446310207197888295e-08
2.643081486974102921e-05 6.046899458826160423e-01 5.624084853204056988e-08 6.046895990114302677e-01 4.605541307485025057e-08 6.046894251613108562e-01 4.106304721284695896e-08
2.866067616948250315e-05 6.046903233615237294e-01 6.982955505980011351e-08 6.046898781981910886e-01 5.589467415231038800e-08 6.046896550219185151e-01 4.908288747809323888e-08
3.107866187782013960e-05 6.046904914873176828e-01 8.698087586743471483e-08 6.046900244110828826e-01 6.806639637299265504e-08 6.046897817146864584e-01 5.884516805781671780e-08
3.370064329271925001e-05 6.046905944334045602e-01 1.086521454625538223e-07 6.046901274523555081e-01 8.314888156596211429e-08 6.046898742657805803e-01 7.074823242129384640e-08
3.654383070957254701e-05 6.046907699285380966e-01 1.360610990347684046e-07 6.046902715261047723e-01 1.018677760721700434e-07 6.046899954252655807e-01 8.528439590038672020e-08
3.962688638701478144e-05 6.046910231665638680e-01 1.707570861224162647e-07 6.046904604235001646e-01 1.251342859677536865e-07 6.046901476228494499e-01 1.030625873609756754e-07
4.297004704320843692e-05 6.046913594608669396e-01 2.147118849013954159e-07 6.046906977887098744e-01 1.540934761349661322e-07 6.046903330356983020e-01 1.248365654962024140e-07
4.659525668664677475e-05 6.046917875167039380e-01 2.704354183736384953e-07 6.046909890521167119e-01 1.901852795147572596e-07 6.046905549671360847e-01 1.515400555469111813e-07
5.052631065335679548e-05 6.046923187395168986e-01 3.411232261384710165e-07 6.046913410407861456e-01 2.352216029569652497e-07 6.046908175343627123e-01 1.843305324377254325e-07
5.478901179593944910e-05 6.046929667907274819e-01 4.308444396714361559e-07 6.046917617393765543e-01 2.914838274835035314e-07 6.046911254739970598e-01 2.246438122782826851e-07
5.941133984965039921e-05 6.046937483985257433e-01 5.447813708839655211e-07 6.046922607347169354e-01 3.618461284865387532e-07 6.046914844115625076e-01 2.742621408589653678e-07
6.442363508721369713e-05 6.046946838246540779e-01 6.895349292177966227e-07 6.046928494642183072e-01 4.499315248701365937e-07 6.046919009843541026e-01 3.353991634878374890e-07
6.985879746785248997e-05 6.046957987141377000e-01 8.735139314963634350e-07 6.046935421777623887e-01 5.603093898879016779e-07 6.046923834130941700e-01 4.108059924644148012e-07
7.575250258771920673e-05 6.046971214960081831e-01 1.107431383104020515e-06 6.046943546097558464e-01 6.987455294662627996e-07 6.046929405923531231e-01 5.039036698993827869e-07
8.214343584919422232e-05 6.046986877902460478e-01 1.404937177663405055e-06 6.046953062069380103e-01 8.725189333600762216e-07 6.046935834416706790e-01 6.189486694174801557e-07
8.907354638610440330e-05 6.047005374984942838e-01 1.783424618241882210e-06 6.046964187023825543e-01 1.090823032989257730e-06 6.046943239452331476e-01 7.612397182017178146e-07
9.658832241158708354e-05 6.047027197142278432e-01 2.265058732399085013e-06 6.046977185303175073e-01 1.365274248367764818e-06 6.046951765534316348e-01 9.373764075515014410e-07
1.047370897959449686e-04 6.047052916635178299e-01 2.878087132112989045e-06 6.046992363532118775e-01 1.710556551494160949e-06 6.046961577965828116e-01 1.155582593927327923e-06
1.135733358343105206e-04 6.047083215384043697e-01 3.658511455529456941e-06 6.047010084482862258e-01 2.145238809690898813e-06 6.046972870006819267e-01 1.426111064740046861e-06
1.231550603292826216e-04 6.047118874375069231e-01 4.652218061314076731e-06 6.047030762766841816e-01 2.692811215513095710e-06 6.046985859226231552e-01 1.761749904081544688e-06
1.335451562929898853e-04 6.047160829295050721e-01 5.917695065899816119e-06 6.047054891236538499e-01 3.383000232464220264e-06 6.047000801340125520e-01 2.178456548016531448e-06
1.448118227674532956e-04 6.047210194260975724e-01 7.529496198648948836e-06 6.047083052973338813e-01 4.253436845363630761e-06 6.047017995295155268e-01 2.696151731730113646e-06
1.570290124729377390e-04 6.047268254774100793e-01 9.582657227150876599e-06 6.047115919558050390e-01 5.351773681170275516e-06 6.047037780585138300e-01 3.339714055020738151e-06
1.702769172225899476e-04 6.047336537609444562e-01 1.219832761949665531e-05 6.047154283779547779e-01 6.738372606758350805e-06 6.047060553201321076e-01 4.140226374721095174e-06
1.846424942895542453e-04 6.047416830850549374e-01 1.553095027722534632e-05 6.047199070769062601e-01 8.489716465577629159e-06 6.047086769325789035e-01 5.136537840459212893e-06
2.002200371815584547e-04 6.047511240013272449e-01 1.977741777164973011e-05 6.047251365153873959e-01 1.070274208607938776e-05 6.047116957169205165e-01 6.377222690318562788e-06
2.171117945694505205e-04 6.047622240303772712e-01 2.518874633278277942e-05 6.047312437044840561e-01 1.350034303341643007e-05 6.047151727597450677e-01 7.923036565274781478e-06
2.354286414322417768e-04 6.047752752573642976e-01 3.208496264025995130e-05 6.047383778722842385e-01 1.703836018534083091e-05 6.047191789621174651e-01 9.849998075603552092e-06
2.552908068239516468e-04 6.047906211137372701e-01 4.087408642011935371e-05 6.047467138647857343e-01 2.151446329178424022e-05 6.047237963775200509e-01 1.225325545642744443e-05
2.768286630392066683e-04 6.048086637685647915e-01 5.207633885429215385e-05 6.047564558797439149e-01 2.717943804032867854e-05 6.047291196469882779e-01 1.525194012471681762e-05
3.001835813575589175e-04 6.048298783209740126e-01 6.635501276672034975e-05 6.047678441324243481e-01 3.435153110037038489e-05 6.047352587815512104e-01 1.899525988124848273e-05
3.255088599835056465e-04 6.048548203886281449e-01 8.455584003904878521e-05 6.047811589484066719e-01 4.343468506563595121e-05 6.047423405863343593e-01 2.367015053541926246e-05
3.529707302730650319e-04 6.048841488426703883e-01 1.077572119994268756e-04 6.047967311917766819e-01 5.494172810765070417e-05 6.047505129920327516e-01 2.951088989476114189e-05
3.827494478516315301e-04 6.049186343836480129e-01 1.373342042687533031e-04 6.048149471937281918e-01 6.952385196857150209e-05 6.047599466410664704e-01 3.681117226564853385e-05
4.150404757850472488e-04 6.049591845615355235e-01 1.750402686788348546e-04 6.048362604706338796e-01 8.800811541436872405e-05 6.047708394997057813e-01 4.593928898722076547e-05
4.500557675700497698e-04 6.050068664483827519e-01 2.231114223262829256e-04 6.048612028384707795e-01 1.114451460556256028e-04 6.047834209926022941e-01 5.735720964956666173e-05
4.880251583654433758e-04 6.050629355783527785e-01 2.843991608961367584e-04 6.048903983550788510e-01 1.411698332095780097e-04 6.047979572103731050e-01 7.164457665031191301e-05
5.291978735958442325e-04 6.051288698715555636e-01 3.625400356144120899e-04 6.049245796627249483e-01 1.788785664930465273e-04 6.048147569425574854e-01 8.952888759522243268e-05
5.738441648302393047e-04 6.052064076086967059e-01 4.621720028957975943e-04 6.049646064310532090e-01 2.267275397372287059e-04 6.048341783610399203e-01 1.119234676732895996e-04
6.222570836730231293e-04 6.052975943792832103e-01 5.892105324647234138e-04 6.050114878999183210e-01 2.874579117632810005e-04 6.048566371701189492e-01 1.399752655877618259e-04
6.747544053110692778e-04 6.054048373754543633e-01 7.512009671576385262e-04 6.050664090155558617e-01 3.645551732841868808e-04 6.048826159315969786e-01 1.751250231688629747e-04
7.316807143427192690e-04 6.055309370970984872e-01 9.577682792094337942e-04 6.051307485879463544e-01 4.624521222139317067e-04 6.049126697100908334e-01 2.191830493474752352e-04
7.934096665797492082e-04 6.056791270433481422e-01 1.221191260380421161e-03 6.052061009807079284e-01 5.867874506406138731e-04 6.049474329447110943e-01 2.744246801793461150e-04
8.603464416684509499e-04 6.058533907391623341e-01 1.557136166956314205e-03 6.052944055808117119e-01 7.447354420788809392e-04 6.049876695336964261e-01 3.437106523987449452e-04
9.329304026284686519e-04 6.060583581535006203e-01 1.985593234192334702e-03 6.053979200900527768e-01 9.454260494235097430e-04 6.050342587974971709e-01 4.306387860962505453e-04
1.011637979766207094e-03 6.062994502759695425e-01 2.532073642037166190e-03 6.055192865904577282e-01 1.200480738824264218e-03 6.050882184558736832e-01 5.397353732287848548e-04
1.096985797892384082e-03 6.065830483874399270e-01 3.229139601549902133e-03 6.056616095258451349e-01 1.524696169582876468e-03 6.051507313796156140e-01 6.766967415500286989e-04
1.189534067370319513e-03 6.069166678828644690e-01 4.118361049497637830e-03 6.058285383404053981e-01 1.936916885132481747e-03 6.052231731555897110e-01 8.486943115395663775e-04
1.289890261253307966e-03 6.073091627121409708e-01 5.252819030915682058e-03 6.060243646734353451e-01 2.461149819623119957e-03 6.053071441776117778e-01 1.064760060439260900e-03
1.398713102647238578e-03 6.077709670735773617e-01 6.700310727830050689e-03 6.062541371284577707e-01 3.127988620130348063e-03 6.054045071812359513e-01 1.336273979030122832e-03
1.516716888470922469e-03 6.083143834334859834e-01 8.547455462666091880e-03 6.065237976647730456e-01 3.976435134824840914e-03 6.055174314676625702e-01 1.677580981606213327e-03
1.644676177994664444e-03 6.089539195473800959e-01 1.090495938710027077e-02 6.068403414180627564e-01 5.056230776223510914e-03 6.056484441748070102e-01 2.106772385212301972e-03
1.783430876931909378e-03 6.097066977767380269e-01 1.391437182131334549e-02 6.072120094995961948e-01 6.430843141291423329e-03 6.058004917221502250e-01 2.646676836936273473e-03
1.933891750455230159e-03 6.105929392124622712e-01 1.775676606601893706e-02 6.076485170065983876e-01 8.181296427601124008e-03 6.059770117790499455e-01 3.326118398045554286e-03
2.097046401323232872e-03 6.116365396810685695e-01 2.266390657489827931e-02 6.081613239130293502e-01 1.041108996573284276e-02 6.061820180011776582e-01 4.181515901351556125e-03
2.273965752357927448e-03 6.128657681477708286e-01 2.893263688288892285e-02 6.087639617960278748e-01 1.325252338267364147e-02 6.064202014939358287e-01 5.258919416360493745e-03
2.465811075822603882e-03 6.143140947723537693e-01 3.694344546066481716e-02 6.094724213310312999e-01 1.687484281789995363e-02 6.066970499996636734e-01 6.616607410306436440e-03
2.673841615839946464e-03 6.160212055082536775e-01 4.718447735087583084e-02 6.103056238777471165e-01 2.149475501634134228e-02 6.070189919915436327e-01 8.328406537907133769e-03
2.899422853882875021e-03 6.180342095261233126e-01 6.028265011210513780e-02 6.112859829780639132e-01 2.739002372173055672e-02 6.073935666202927575e-01 1.048794370053173636e-02
3.144035471591500111e-03 6.204089673310584363e-01 7.704407485047824744e-02 6.124400328810772898e-01 3.491709332817120176e-02 6.078296109233722877e-01 1.321410558788737449e-02
3.409285069746810937e-03 6.232123183504187924e-01 9.850676365898350384e-02 6.137994109806355070e-01 4.453401279199019347e-02 6.083375575317833128e-01 1.665807436316610324e-02
3.696912707195028347e-03 6.265240516447916352e-01 1.260094971718896117e-01 6.154017907983798663e-01 5.683031673788237204e-02 6.089297080120491534e-01 2.101241399742503901e-02
4.008806328898464194e-03 6.304396904693849724e-01 1.612822099494102268e-01 6.172921486091904608e-01 7.256613738681133574e-02 6.096206054620731951e-01 2.652285574781394761e-02
4.347013158125022023e-03 6.350740372855261384e-01 2.065650517019925192e-01 6.195243611480727441e-01 9.272358187170672006e-02 6.104275017913605161e-01 3.350364056650820266e-02
4.713753134116724017e-03 6.405655958520928284e-01 2.647659030454925233e-01 6.221631919322629933e-01 1.185745036874670116e-01 6.113709341949363774e-01 4.235757756507264882e-02
5.111433483440165799e-03 6.470822303601599934e-01 3.396696946079852952e-01 6.252868140096941030e-01 1.517702874830735849e-01 6.124754526040552260e-01 5.360238422540129777e-02
5.542664520663107344e-03 6.548284888993822772e-01 4.362177675734646431e-01 6.289900487099098214e-01 1.944613056925534322e-01 6.137705476722232767e-01 6.790542544558379745e-02
6.010276782070381706e-03 6.640552125142620277e-01 5.608823124871968879e-01 6.333885787393006561e-01 2.494565331617696891e-01 6.152918504337413497e-01 8.612972762385449899e-02
6.517339604882419792e-03 6.750723584935598431e-01 7.221697898368655277e-01 6.386245176115341593e-01 3.204375176772074063e-01 6.170827085867396367e-01 1.093951258509368585e-01
7.067181273927491438e-03 6.882660406860960922e-01 9.312987577578655252e-01 6.448737635204440100e-01 4.122457529860854564e-01 6.191962533441972560e-01 1.391596675472212552e-01
7.663410868007454815e-03 7.041232327180575457e-01 1.203111835747799674e+00 6.523564643477022251e-01 5.312685855424610359e-01 6.216983291761060126e-01 1.773279557217421476e-01
8.309941949353395751e-03 7.232665972631302509e-01 1.557294207328416391e+00 6.613516434422737067e-01 6.859545792605840075e-01 6.246715620792642198e-01 2.263945084814851516e-01
9.011018251665017798e-03 7.465054615950306172e-01 2.019977374392491587e+00 6.722183616618269131e-01 8.874930250753358951e-01 6.282212108312815735e-01 2.896309519809335820e-01
9.771241535346501458e-03 7.749166278614277870e-01 2.625791041463123143e+00 6.854286671585564372e-01 1.150688220062939138e+00 6.324842351219306380e-01 3.713243497246307423e-01
1.059560179277615859e-02 8.099790115314358108e-01 3.420353003870522102e+00 7.016215730667529904e-01 1.495034239297346357e+00 6.376440752987493354e-01 4.770666876362644748e-01
1.148951000187308641e-02 8.538186655588464458e-01 4.463037091727318995e+00 7.216994652550170475e-01 1.945941897189829461e+00 6.439569188703523350e-01 6.140805358010558157e-01
1.245883364295008108e-02 9.097007291666058260e-01 5.829720431214602705e+00 7.470181452986908166e-01 2.536016082747847289e+00 6.518032004707774441e-01 7.915518258037923527e-01
1.350993521198026563e-02 9.831405020015644425e-01 7.615940869592507489e+00 7.798087797978198177e-01 3.306534394180265402e+00 6.618012650078677339e-01 1.021010803988654292e+00
1.464971398307286267e-02 1.084680449784453327e+00 9.946524993839560125e+00 8.242186564550642025e-01 4.311291498111263110e+00 6.750857660990134956e-01 1.317344089679612917e+00
1.588565129428052766e-02 1.237367498457873083e+00 1.302459758742892149e+01 8.890884541584764822e-01 5.634661552062589784e+00 6.940446690059962620e-01 1.703587015569017815e+00
1.722585965398785654e-02 1.495399870036252299e+00 1.734672570222596732e+01 9.948743020837766959e-01 7.469833928966922443e+00 7.241389189587157382e-01 2.231548540388559765e+00
1.867913599020782842e-02 1.942734511393928720e+00 2.409843702047214009e+01 1.173905072055332788e+00 1.026624703443363984e+01 7.739409024060035502e-01 3.020181351109158641e+00
2.025501939230666543e-02 2.448095972233812034e+00 3.298670909345953106e+01 1.384224875668464527e+00 1.397791522735783687e+01 8.327423089681063040e-01 4.059867779471829863e+00
2.196385372416546911e-02 2.712999043179651792e+00 4.026225074232009860e+01 1.521153632797016986e+00 1.732494064689113955e+01 8.736887790682097421e-01 5.023639327548604427e+00
2.381685551976158235e-02 2.782510945182413042e+00 4.463258399085049888e+01 1.594004783374191714e+00 1.980014166253238983e+01 8.989146728916976858e-01 5.780748218219786239e+00
2.582618760682674902e-02 2.867342429665170389e+00 4.724450587198960250e+01 1.672079877407325110e+00 2.172826440947432758e+01 9.257014725177064030e-01 6.410162360869725795e+00
2.800503894183630979e-02 3.269514114260603233e+00 5.015867132296117603e+01 1.862494152896770450e+00 2.378934734409629215e+01 9.808228592661752954e-01 7.079930215448964503e+00
3.036771118035457365e-02 3.597675947851300293e+00 5.214074680616380419e+01 2.035191654100634295e+00 2.555428460876664332e+01 1.032394365370524980e+00 7.683970649301659961e+00
3.292971255097151134e-02 3.660125933343631122e+00 5.194952767252260628e+01 2.120293755628897880e+00 2.655995771275502904e+01 1.063197896272509935e+00 8.107587783767417733e+00
3.570785964900462933e-02 3.819796670950777351e+00 5.050811127973362602e+01 2.238703261337960271e+00 2.707587253077991818e+01 1.102341131323713252e+00 8.413886989770066549e+00
3.872038781812553454e-02 4.027905423645095517e+00 4.796641027008093516e+01 2.375766807540331982e+00 2.712485894332417757e+01 1.146385160815743820e+00 8.606869561474454144e+00
4.198707084443910331e-02 4.088762674166247280e+00 4.481834384914376557e+01 2.463754486611336780e+00 2.685592282538891595e+01 1.179207025948467047e+00 8.720737514145517011e+00
4.552935074866947679e-02 4.216088677766687276e+00 4.158734388548970173e+01 2.573989545537333168e+00 2.644204160319793928e+01 1.217516679978253524e+00 8.795550842053131646e+00
4.937047852839003548e-02 4.239689689322638344e+00 3.829411611652614056e+01 2.648366410887399880e+00 2.589315296109242581e+01 1.247751291038838417e+00 8.833339924142947552e+00
5.353566677410724617e-02 4.280338751973177480e+00 3.573720984377138876e+01 2.726653323256487571e+00 2.549303927662803559e+01 1.279034024978807915e+00 8.899796147495241172e+00
5.805225516094895954e-02 4.234643970689661252e+00 3.361206940736140325e+01 2.773049373516741412e+00 2.515814347340330670e+01 1.303125559977215797e+00 8.976291711947542495e+00
6.294988990221887792e-02 4.158645250336268084e+00 3.194025536875396654e+01 2.805080358557971554e+00 2.491068867715598145e+01 1.323925670133221377e+00 9.068240484672966062e+00
6.826071834272386119e-02 4.071151402038081457e+00 3.032106872679784715e+01 2.828723015264865914e+00 2.462463050436039680e+01 1.342743250748064332e+00 9.147501100302360300e+00
7.401959996915644102e-02 3.969404501582419087e+00 2.843235068648940356e+01 2.842893512783274179e+00 2.419063718575386446e+01 1.359311142880870626e+00 9.189521257321437986e+00
8.026433522257174491e-02 3.859858912964058142e+00 2.633195129920109423e+01 2.849672374103517036e+00 2.362424438364806178e+01 1.374066076447320928e+00 9.197406833419892180e+00
8.703591361485166211e-02 3.766181898017171292e+00 2.429427336981849095e+01 2.857345913811922600e+00 2.301856468028643121e+01 1.388817930706434334e+00 9.191416983172954858e+00
9.437878277775381408e-02 3.682030225099847343e+00 2.255417438602717795e+01 2.864291176659006233e+00 2.245999995593881948e+01 1.403219613521949682e+00 9.190474899892322469e+00
1.023411402105452728e-01 3.603624719519999076e+00 2.101486576381586246e+01 2.869596083959660593e+00 2.192463919000358885e+01 1.417075838034111746e+00 9.189679754540545531e+00
1.109752496412072104e-01 3.510467079719716832e+00 1.944911047757231159e+01 2.866381164613951427e+00 2.134001074297730938e+01 1.428905624043557587e+00 9.173635551203576100e+00
1.203377840777590524e-01 3.384276267910694358e+00 1.791694564050048655e+01 2.848005119097554605e+00 2.072806824270399062e+01 1.437269074600844077e+00 9.146992604931131865e+00
1.304901978014401664e-01 3.235373778396062328e+00 1.660730534296406091e+01 2.817374280323837965e+00 2.015736073617275537e+01 1.442738954977104582e+00 9.124300624539134930e+00
1.414991297434576023e-01 3.073414026217578865e+00 1.543155288665989566e+01 2.777454805504941060e+00 1.960410560092447341e+01 1.445906513613675060e+00 9.100819238805140543e+00
1.534368408930013306e-01 2.897968540786047598e+00 1.427636400427391195e+01 2.727951737833673285e+00 1.903331962880648121e+01 1.446689287374395061e+00 9.069429157747020298e+00
1.663816886076127377e-01 2.710137662205172937e+00 1.318654262214374029e+01 2.669099068251426399e+00 1.846218981765054679e+01 1.445114439296415920e+00 9.033733045328304456e+00
1.804186409392071755e-01 2.528420939250382027e+00 1.221884972461699093e+01 2.607244473673767438e+00 1.791316943904148928e+01 1.442463876279688195e+00 8.998439388100841541e+00
1.956398343517064820e-01 2.359445695075601090e+00 1.133658943417105469e+01 2.545068325558260458e+00 1.737741764837794278e+01 1.439284516763322586e+00 8.961923481691247417e+00
2.121451784910627636e-01 2.199301722510679458e+00 1.046807999953380808e+01 2.481726463092190471e+00 1.683277117810890999e+01 1.435416269059249572e+00 8.919850865069321344e+00
2.300430119772916837e-01 2.046374615573839151e+00 9.676167350363623854e+00 2.417054480833708219e+00 1.630207480584405033e+01 1.430833424124335007e+00 8.876859613809788385e+00
2.494508135230316670e-01 1.897251800362417029e+00 8.980499968977001757e+00 2.350202551236522996e+00 1.579467551045674512e+01 1.425373531484051881e+00 8.834942591543111234e+00
2.704959730463137313e-01 1.754077869560812353e+00 8.329778030868329353e+00 2.282158356910446884e+00 1.529556742568019700e+01 1.419234869878533090e+00 8.791301444746220994e+00
2.933166278390042514e-01 1.620742390863911586e+00 7.693715202927541519e+00 2.214563807925867156e+00 1.479563858355482786e+01 1.412745439654262469e+00 8.744259485598206538e+00
3.180625692794118997e-01 1.498979400002408369e+00 7.110011776591088406e+00 2.148397548848370864e+00 1.430865222647216228e+01 1.406107163538215854e+00 8.696564009725602062e+00
3.448962260405759594e-01 1.387551954551511590e+00 6.570405046205913813e+00 2.083631717955477747e+00 1.383328949566959842e+01 1.399329325180684425e+00 8.648077289282207758e+00
3.739937302478794079e-01 1.285032496339551855e+00 6.056278725650098060e+00 2.020123846370724507e+00 1.336434609951662367e+01 1.392398763518626792e+00 8.597911880278878982e+00
4.055460735840827891e-01 1.190098941114762443e+00 5.589996643173062552e+00 1.957717125053632490e+00 1.291037137094117604e+01 1.385298885944238556e+00 8.547779900185707547e+00
4.397603609302720984e-01 1.101385900552630970e+00 5.162604759379892272e+00 1.896193331930711157e+00 1.246954609825707294e+01 1.378000812351466431e+00 8.497451848191316159e+00
4.768611697714474351e-01 1.018570202714201400e+00 4.764504416738953196e+00 1.835651841228634229e+00 1.203954350974310472e+01 1.370534320707817333e+00 8.446596203548082826e+00
5.170920242896754893e-01 9.418832417898804765e-01 4.401734457548502455e+00 1.776368377333822579e+00 1.162319661092491074e+01 1.362961820078066655e+00 8.395832670442644030e+00
5.607169938205458504e-01 8.705861595007489129e-01 4.060831559765146537e+00 1.718278826473592424e+00 1.121667184357867697e+01 1.355283225013061976e+00 8.344553680328814949e+00
6.080224261649427309e-01 8.047096531306566769e-01 3.746407841210003919e+00 1.661560281420118468e+00 1.082204946075505703e+01 1.347542159522881366e+00 8.293224402008707585e+00
6.593188271333542128e-01 7.442340838405596681e-01 3.452086822092081952e+00 1.606366430977452797e+00 1.043768343559350953e+01 1.339778017263907106e+00 8.241633915268407051e+00
7.149428986597576863e-01 6.889184906329867131e-01 3.179799503156488960e+00 1.552766973600323563e+00 1.006463279688504642e+01 1.332014999096875485e+00 8.190053912740733466e+00
7.752597488629464628e-01 6.382949907334319883e-01 2.926670669483296017e+00 1.500740250251742403e+00 9.702317981734443819e+00 1.324260725196410693e+00 8.138462036526263432e+00
8.406652885618316473e-01 5.919590644386634182e-01 2.692884022412500578e+00 1.450268936999244307e+00 9.351133260277972425e+00 1.316523209320393129e+00 8.087005803287269146e+00
9.115888299750818380e-01 5.494413473295566286e-01 2.477867583205376256e+00 1.401297770528509012e+00 9.011201625368459034e+00 1.308803399135978207e+00 8.035783350864955210e+00
9.884959046625586554e-01 5.102807020686523920e-01 2.280088405679862706e+00 1.353757921598971237e+00 8.682284209054724755e+00 1.301099436422241906e+00 7.984827331913757931e+00
1.071891319205128701e+00 4.740655329027178011e-01 2.098210060569444479e+00 1.307582240706693932e+00 8.364159337943275929e+00 1.293409319487588416e+00 7.934170775506325768e+00
1.162322468679851895e+00 4.405814053071527847e-01 1.931093841788570797e+00 1.262758515494157407e+00 8.056630063214036852e+00 1.285740148739528799e+00 7.883848502160594407e+00
1.260382929679727315e+00 4.096532449940826770e-01 1.777281113711511651e+00 1.219280209964319850e+00 7.759350945809124767e+00 1.278099717825617487e+00 7.833867424831836956e+00
1.366716356462007287e+00 3.810991433958287322e-01 1.635420624366816567e+00 1.177131733159311633e+00 7.471969912313070949e+00 1.270494010953892694e+00 7.784230731010766569e+00
1.482020705798857030e+00 3.547689030510502439e-01 1.504257310626266886e+00 1.136301935405474417e+00 7.194128882163568939e+00 1.262929494376272332e+00 7.734938072972026291e+00
1.607052818261638372e+00 3.304541281058001601e-01 1.382978328281901037e+00 1.096753923543744902e+00 6.925588151028376771e+00 1.255408038527491943e+00 7.686006631709948245e+00
1.742633386009650787e+00 3.080123146192357830e-01 1.270858912236065175e+00 1.058466926923578022e+00 6.666116069848147418e+00 1.247933914415519485e+00 7.637452843781476375e+00
1.889652339691207716e+00 2.872822343214713747e-01 1.167207080312983036e+00 1.021408849166261179e+00 6.415472985875826595e+00 1.240509252266646545e+00 7.589289808295113460e+00
2.049074689815846284e+00 2.681018274386474110e-01 1.071462304630256712e+00 9.855421969802810045e-01 6.173447159186120636e+00 1.233135017719015014e+00 7.541533286649240608e+00
2.221946860939523649e+00 2.503533116919912094e-01 9.833079048071778905e-01 9.508399430723896151e-01 5.939897930271249571e+00 1.225813621566664402e+00 7.494208895839175710e+00
2.409403560239526954e+00 2.339079246047255090e-01 9.021791189266754607e-01 9.172676580925844814e-01 5.714591562180252993e+00 1.218546023929765409e+00 7.447325450015194193e+00
2.612675225563326542e+00 2.186501771056622023e-01 8.277124127531658715e-01 8.847917991973577312e-01 5.497351265066040327e+00 1.211333077963030025e+00 7.400899240230245368e+00
2.833096101839323921e+00 2.044749532358378086e-01 7.593815802484765731e-01 8.533791928833729390e-01 5.287936433714998330e+00 1.204175455859974431e+00 7.354934694597383249e+00
3.072112998861759259e+00 1.912817468205507410e-01 6.966986573831126517e-01 8.229954283970752904e-01 5.086108549185874850e+00 1.197073399811265926e+00 7.309434905919253822e+00
3.331294787934670154e+00 1.789870901101587031e-01 6.391793474164410016e-01 7.936094082069838906e-01 4.891620591947577701e+00 1.190027452378144446e+00 7.264400003205078171e+00
3.612342699709430338e+00 1.675192484736014176e-01 5.863535039774977475e-01 7.651920480751133180e-01 4.704221161975413068e+00 1.183038262547120079e+00 7.219827844244558257e+00
3.917101490809260511e+00 1.568201888421037749e-01 5.377981072046388311e-01 7.377173457699215398e-01 4.523666665999288128e+00 1.176106763275164058e+00 7.175715976558545428e+00
4.247571552536894224e+00 1.468217303958704589e-01 4.931378744374906309e-01 7.111545154138082525e-01 4.349723082894923820e+00 1.169232952943099368e+00 7.132061972901764690e+00
4.605922041145103840e+00 1.374753224551267528e-01 4.520530812197602888e-01 6.854781197044812480e-01 4.182170188236601582e+00 1.162417468286210731e+00 7.088864147156053619e+00
4.994505115855139898e+00 1.287334018359761467e-01 4.142739424210709065e-01 6.606621590892378659e-01 4.020801252316290153e+00 1.155660685512879926e+00 7.046121571126393590e+00
5.415871378079476273e+00 1.205478283453651350e-01 3.795716680644451446e-01 6.366795892251337907e-01 3.865421372513540899e+00 1.148962650882239478e+00 7.003833879226115222e+00
5.872786613189476590e+00 1.128765419740628967e-01 3.477358902206963975e-01 6.135046514498504466e-01 3.715840783490477417e+00 1.142323439876920199e+00 6.962000304051302102e+00
6.368249944718586519e+00 1.056826782861946257e-01 3.185630638869617615e-01 5.911127550665635777e-01 3.571871350143893231e+00 1.135743146369644130e+00 6.920619188686769618e+00
6.905513520162330998e+00 9.893144691394102630e-02 2.918541912242516023e-01 5.694795523290001604e-01 3.433325978450685323e+00 1.129221749799461438e+00 6.879687935077077654e+00
7.488103857590014734e+00 9.259281089458563929e-02 2.674087907982603540e-01 5.485819410892536219e-01 3.300016655602810989e+00 1.122759270329007908e+00 6.839202745322859656e+00
8.119844993184008430e+00 8.664048854747950779e-02 2.450254312402196377e-01 5.283978567343063926e-01 3.171754608862470182e+00 1.116355744141294570e+00 6.799158676002548418e+00
8.804883581643464296e+00 8.104777700764638493e-02 2.245182353129822339e-01 5.089049290716778362e-01 3.048356025624353816e+00 1.110011030313446501e+00 6.759550514880139360e+00
9.547716114208066429e+00 7.579298602069063640e-02 2.057183266936817856e-01 4.900823642439384176e-01 2.929642972140370727e+00 1.103725091292399263e+00 6.720372953680538330e+00
1.035321843295661637e+01 7.085584947680820256e-02 1.884800099375765758e-01 4.719098344414766610e-01 2.815445976922834603e+00 1.097497836667283178e+00 6.681621003789555147e+00
1.122667773510813660e+01 6.621701484306255492e-02 1.726807844207556009e-01 4.543673381820756974e-01 2.705604615769346299e+00 1.091329107132094745e+00 6.643290121713137708e+00
1.217382727739662052e+01 6.185932639589369897e-02 1.582113376219890788e-01 4.374356687622272810e-01 2.599964594912115068e+00 1.085218746180151239e+00 6.605375826894228197e+00
1.320088400831416742e+01 5.776672761585996407e-02 1.449697378749172094e-01 4.210960883678195876e-01 2.498376011446580058e+00 1.079166557753261868e+00 6.567873485210213857e+00
1.431458937523478525e+01 5.392413773639238850e-02 1.328554578634070227e-01 4.053303098425877771e-01 2.400691393952270491e+00 1.073172307479625776e+00 6.530778058449271839e+00
1.552225357427047925e+01 5.031749453212661788e-02 1.217693980835472256e-01 3.901205320219532924e-01 2.306765667184068391e+00 1.067235731381940056e+00 6.494084124818165549e+00
1.683180353330955015e+01 4.693366299980190198e-02 1.116182492615702543e-01 3.754494288221907339e-01 2.216457625652945573e+00 1.061356537946756884e+00 6.457786111963439879e+00
1.825183494319042410e+01 4.376032692406631869e-02 1.023192751788066374e-01 3.613001292185257229e-01 2.129631667831320740e+00 1.055534408778534106e+00 6.421878567082472067e+00
1.979166867853557221e+01 4.078557167379982112e-02 9.380189040829710334e-02 3.476560865444191517e-01 2.046158538685606487e+00 1.049768983635225084e+00 6.386356288958774385e+00
2.146141197858405647e+01 3.799842290495729358e-02 8.600348143253835898e-02 3.345012682904635604e-01 1.965914107053843507e+00 1.044059889818543585e+00 6.351214186332708067e+00
2.327202478960407461e+01 3.538829734247143227e-02 7.886520241349036231e-02 3.218199820926914700e-01 1.888778017148385668e+00 1.038406721304913294e+00 6.316447116763010072e+00
2.523539170434765921e+01 3.294516605643062201e-02 7.232973046678746465e-02 3.095969341882438552e-01 1.814632907166157105e+00 1.032809049591907113e+00 6.282049801393771560e+00
2.736439997074672092e+01 3.065950211192583832e-02 6.634347556308621552e-02 2.978172171933137768e-01 1.743365116300727102e+00 1.027266424834904601e+00 6.248016941921044953e+00
2.967302408188866636e+01 2.852225820162328229e-02 6.085922806681663688e-02 2.864663067112643291e-01 1.674865603371457290e+00 1.021778378080559602e+00 6.214343366389215362e+00
3.217641750250735555e+01 2.652481386558504586e-02 5.583552908108357915e-02 2.755300466450295027e-01 1.609029796580564442e+00 1.016344421878721871e+00 6.181024030507193956e+00
3.489101213406773638e+01 2.465896685298198804e-02 5.123387831781371637e-02 2.649946483330393177e-01 1.545756673766680578e+00 1.010964052655828116e+00 6.148053914473598169e+00
3.783462617131925043e+01 2.291689977395605995e-02 4.701772557628726423e-02 2.548466808120523064e-01 1.484948387579084317e+00 1.005636751817716057e+00 6.115427991171632272e+00
4.102658105827190127e+01 2.129118811107559919e-02 4.315383323652178388e-02 2.450730745100426211e-01 1.426510688555774564e+00 1.000361988553814196e+00 6.083141299694316828e+00
4.448782831127585524e+01 1.977477753425930379e-02 3.961264724033501661e-02 2.356611144667208058e-01 1.370353041409380301e+00 9.951392211827410073e-01 6.051188978103908767e+00
4.824108704165373496e+01 1.836097106126452841e-02 3.636694839743802310e-02 2.265984363502190346e-01 1.316388154641871866e+00 9.899678987874390712e-01 6.019566218404336588e+00
5.231099308056258224e+01 1.704341447681338717e-02 3.339144349003159845e-02 2.178730215274431448e-01 1.264531801571286751e+00 9.848474626530615561e-01 5.988268258681758383e+00
5.672426068491977702e+01 1.581608487355998585e-02 3.066327113629517889e-02 2.094731928438365864e-01 1.214702949785564812e+00 9.797773477259994479e-01 5.957290414800603173e+00
6.150985788580504021e+01 1.467328275571538193e-02 2.816160096531097543e-02 2.013876113606761498e-01 1.166823590920549769e+00 9.747569841292373916e-01 5.926628072874262187e+00
6.669919663030114521e+01 1.360961635194105936e-02 2.586723737097801692e-02 1.936052702125237446e-01 1.120818562941313656e+00 9.697857982413651268e-01 5.896276680117232161e+00
7.232633896483532965e+01 1.261999268563552407e-02 2.376271173243365772e-02 1.861154904384531017e-01 1.076615533331947594e+00 9.648632139638799732e-01 5.866231755739809373e+00
7.842822061337682271e+01 1.169960393073512898e-02 2.183204332093660258e-02 1.789079149951233738e-01 1.034144871684462341e+00 9.599886536953793348e-01 5.836488887278466819e+00
8.504489341802685942e+01 1.084391466094359810e-02 2.006060752734072083e-02 1.719725027825516339e-01 9.933395551510537658e-01 9.551615392467628363e-01 5.807043730567738038e+00
9.221978823334322328e+01 1.004865417816069514e-02 1.843504328898334585e-02 1.652995241697040041e-01 9.541350860692723312e-01 9.503812928878684341e-01 5.777892010772601949e+00
1.000000000000000000e+02 9.309801631538444297e-03 1.694312447152502774e-02 1.588795538970442511e-01 9.164693967170649547e-01 9.456473380092675907e-01 5.749029521351674887e+00
