# Grain_Size | Single_Absorption | Single_Scattering
1.000000000000000082e-05 6.024531614565440396e-01 6.442485996454363218e-09
1.084365968689610889e-05 6.024532204985044714e-01 8.214500061836295852e-09
1.175849554052155680e-05 6.024532899229436689e-01 1.047390896216216553e-08
1.275051240713012877e-05 6.024533715556079638e-01 1.335477131548038344e-08
1.382622173764656422e-05 6.024534675433024233e-01 1.702801878465890459e-08
1.499268432786047117e-05 6.024535804103423597e-01 2.171159803671671141e-08
1.625755666443793416e-05 6.024537131249403377e-01 2.768340233420177890e-08
1.762914118095948102e-05 6.024538691772678423e-01 3.529776000114829784e-08
1.911644075385703765e-05 6.024540526712350852e-01 4.500645795540249760e-08
2.072921779595369722e-05 6.024542684324200037e-01 5.738554794741635014e-08
2.247805833548725246e-05 6.024545221349736357e-01 7.316952592000509724e-08
2.437444150122221616e-05 6.024548204508347604e-01 9.329491253521476234e-08
2.643081486974102921e-05 6.024551712251978719e-01 1.189558205349008219e-07
2.866067616948250315e-05 6.024555836828203725e-01 1.516748063784297016e-07
3.107866187782013960e-05 6.024560686706244006e-01 1.933932097752804228e-07
3.370064329271925001e-05 6.024566389429503177e-01 2.465863416039812385e-07
3.654383070957254701e-05 6.024573094969764009e-01 3.144103550545746355e-07
3.962688638701478144e-05 6.024580979671216863e-01 4.008895144711182652e-07
4.297004704320843692e-05 6.024590250888109955e-01 5.111549745185275358e-07
4.659525668664677475e-05 6.024601152437861762e-01 6.517492368512171088e-07
5.052631065335679548e-05 6.024613971013241809e-01 8.310143511829072708e-07
5.478901179593944910e-05 6.024629043722147248e-01 1.059586896291429617e-06
5.941133984965039921e-05 6.024646766953353216e-01 1.351029110982035595e-06
6.442363508721369713e-05 6.024667606801453745e-01 1.722633629638945059e-06
6.985879746785248997e-05 6.024692111325200550e-01 2.196449573046732492e-06
7.575250258771920673e-05 6.024720924961847190e-01 2.800590890311263974e-06
8.214343584919422232e-05 6.024754805476623121e-01 3.570904591096007596e-06
8.907354638610440330e-05 6.024794643893435220e-01 4.553097876176852855e-06
9.658832241158708354e-05 6.024841487931247297e-01 5.805450407874731701e-06
1.047370897959449686e-04 6.024896569563095161e-01 7.402272700075325703e-06
1.135733358343105206e-04 6.024961337423102581e-01 9.438315903106132064e-06
1.231550603292826216e-04 6.025037494914944336e-01 1.203439474245394456e-05
1.335451562929898853e-04 6.025127045025218120e-01 1.534455741404971269e-05
1.448118227674532956e-04 6.025232343022568493e-01 1.956522810375629822e-05
1.570290124729377390e-04 6.025356158431046660e-01 2.494686497236804805e-05
1.702769172225899476e-04 6.025501747911816697e-01 3.180882589396429966e-05
1.846424942895542453e-04 6.025672940975409508e-01 4.055832483947723033e-05
2.002200371815584547e-04 6.025874240786510683e-01 5.171460495344915785e-05
2.171117945694505205e-04 6.026110942723469366e-01 6.593976453137102530e-05
2.354286414322417768e-04 6.026389273825679682e-01 8.407806781687348567e-05
2.552908068239516468e-04 6.026716557931403040e-01 1.072060774286177470e-04
2.768286630392066683e-04 6.027101404594104039e-01 1.366965894761922582e-04
3.001835813575589175e-04 6.027553941629144596e-01 1.743001746623381763e-04
3.255088599835056465e-04 6.028086078718313257e-01 2.222491781766418903e-04
3.529707302730650319e-04 6.028711822433080458e-01 2.833903710812693999e-04
3.827494478516315301e-04 6.029447645997834115e-01 3.613541568881107756e-04
4.150404757850472488e-04 6.030312924479586112e-01 4.607704224521242211e-04
4.500557675700497698e-04 6.031330447067184686e-01 5.875439146155912121e-04
4.880251583654433758e-04 6.032527020215141533e-01 7.492055929832399513e-04
5.291978735958442325e-04 6.033934177934865417e-01 9.553609727248432064e-04
5.738441648302393047e-04 6.035589018497412583e-01 1.218262309452090159e-03
6.222570836730231293e-04 6.037535190363597648e-01 1.553538951205087927e-03
6.747544053110692778e-04 6.039824054397170405e-01 1.981129754700655578e-03
7.316807143427192690e-04 6.042516054490688626e-01 2.526473733385877201e-03
7.934096665797492082e-04 6.045682334823131443e-01 3.222030848400717160e-03
8.603464416684509499e-04 6.049406649299515770e-01 4.109225074757171144e-03
9.329304026284686519e-04 6.053787617581409819e-01 5.240927879188751574e-03
1.011637979766207094e-03 6.058941392866057374e-01 6.684633734539394308e-03
1.096985797892384082e-03 6.065004819673336378e-01 8.526522493069304057e-03
1.189534067370319513e-03 6.072139175952668833e-01 1.087665926776918389e-02
1.289890261253307966e-03 6.080534613602093241e-01 1.387565477561276440e-02
1.398713102647238578e-03 6.090415436018610240e-01 1.770320297532708767e-02
1.516716888470922469e-03 6.102046381919298268e-01 2.258903506616006043e-02
1.644676177994664444e-03 6.115740123185410271e-01 2.882698857551687852e-02
1.783430876931909378e-03 6.131866233936819066e-01 3.679309956213208666e-02
1.933891750455230159e-03 6.150861946448120676e-01 4.696890142977627747e-02
2.097046401323232872e-03 6.173245101178923555e-01 5.997147801410587786e-02
2.273965752357927448e-03 6.199629785835117923e-01 7.659230237654286733e-02
2.465811075822603882e-03 6.230745312467063091e-01 9.784753878297504370e-02
2.673841615839946464e-03 6.267459355856481729e-01 1.250433529476423500e-01
2.899422853882875021e-03 6.310806325630161639e-01 1.598609476354979908e-01
3.144035471591500111e-03 6.362022378837627334e-01 2.044676334998811462e-01
3.409285069746810937e-03 6.422588939921093365e-01 2.616624225830562755e-01
3.696912707195028347e-03 6.494287235792608470e-01 3.350676256832920141e-01
4.008806328898464194e-03 6.579267258149480435e-01 4.293820708289500798e-01
4.347013158125022023e-03 6.680135860691129857e-01 5.507172943681324373e-01
4.713753134116724017e-03 6.800070585600809236e-01 7.070460163853167224e-01
5.111433483440165799e-03 6.942968614189058973e-01 9.088032360310402957e-01
5.542664520663107344e-03 7.113644483291465814e-01 1.169695421632560794e+00
6.010276782070381706e-03 7.318096840203228703e-01 1.507793679126082420e+00
6.517339604882419792e-03 7.563875172460822194e-01 1.947013291869101659e+00
7.067181273927491438e-03 7.860595380346526717e-01 2.519113955175045216e+00
7.663410868007454815e-03 8.220684710500251180e-01 3.266387265941950169e+00
8.309941949353395751e-03 8.660495995312326167e-01 4.245214478764955501e+00
9.011018251665017798e-03 9.202050770295087112e-01 5.530638017776191795e+00
9.771241535346501458e-03 9.875930575696617586e-01 7.221909395698589584e+00
1.059560179277615859e-02 1.072644457797629070e+00 9.448511736006739881e+00
1.148951000187308641e-02 1.182173711452354947e+00 1.237531952124977153e+01
1.245883364295008108e-02 1.327563936531801714e+00 1.620508206717530086e+01
1.350993521198026563e-02 1.529992376008542543e+00 2.118137663543962290e+01
1.464971398307286267e-02 1.834129810064288435e+00 2.762908007388483611e+01
1.588565129428052766e-02 2.346610860985296032e+00 3.622589596322113437e+01
1.722585965398785654e-02 3.340333952222136027e+00 4.928474142623519327e+01
1.867913599020782842e-02 5.322386751882724809e+00 7.424774590873225577e+01
2.025501939230666543e-02 6.844832254363427460e+00 1.068811158598633568e+02
2.196385372416546911e-02 4.710527245205102354e+00 9.799585394648329384e+01
2.381685551976158235e-02 3.152085675937614795e+00 7.762613542938520084e+01
2.582618760682674902e-02 3.208649963624873092e+00 6.605634526099731829e+01
2.800503894183630979e-02 6.278295719211616444e+00 7.072815397969709750e+01
3.036771118035457365e-02 6.364546459672406620e+00 6.989256000880108388e+01
3.292971255097151134e-02 3.891365082529888220e+00 4.964624693324089577e+01
3.570785964900462933e-02 4.052093413502461772e+00 3.770858964063629060e+01
3.872038781812553454e-02 6.479820962071967116e+00 3.033306574523454202e+01
4.198707084443910331e-02 4.332513086774659961e+00 1.920498549361368035e+01
4.552935074866947679e-02 5.201044342832898515e+00 1.622991683190017653e+01
4.937047852839003548e-02 3.157702698702164135e+00 9.579896444874000494e+00
5.353566677410724617e-02 4.645785316318364444e+00 1.701361585974504109e+01
5.805225516094895954e-02 2.610176225778013226e+00 1.543436702295911900e+01
6.294988990221887792e-02 4.544409575806739987e+00 2.074430224879594675e+01
6.826071834272386119e-02 3.059229488471060243e+00 1.699334333220542348e+01
7.401959996915644102e-02 2.553449806713346426e+00 1.378249571737280732e+01
8.026433522257174491e-02 2.799176746619857603e+00 1.141953489932424404e+01
8.703591361485166211e-02 3.247316209231674300e+00 8.578744205825652003e+00
9.437878277775381408e-02 2.749615189903675816e+00 8.615052821825251783e+00
1.023411402105452728e-01 2.652824798571206788e+00 9.808813922337373370e+00
1.109752496412072104e-01 2.642413706543644825e+00 8.658301451449377240e+00
1.203377840777590524e-01 2.435204429535043680e+00 6.465904478478809558e+00
1.304901978014401664e-01 2.104735010122165129e+00 6.087985334313756880e+00
1.414991297434576023e-01 1.931962918112193339e+00 6.206751495080591319e+00
1.534368408930013306e-01 1.957530388803488952e+00 5.125481690161252324e+00
1.663816886076127377e-01 1.753841274039637632e+00 4.013633311928012759e+00
1.804186409392071755e-01 1.715746563615391684e+00 4.681904304720490906e+00
1.956398343517064820e-01 1.677153760735366150e+00 3.581875137897007733e+00
2.121451784910627636e-01 1.553429456940371489e+00 3.391601879215726534e+00
2.300430119772916837e-01 1.438164819963908103e+00 3.150359932871329871e+00
2.494508135230316670e-01 1.347919750884085888e+00 2.744504907031644070e+00
2.704959730463137313e-01 1.293580280608370048e+00 2.449735142946631861e+00
2.933166278390042514e-01 1.214545137575686828e+00 2.292034388742845596e+00
3.180625692794118997e-01 1.132251959926437568e+00 1.928221841807158832e+00
3.448962260405759594e-01 1.070306607113983732e+00 1.848897669574879332e+00
3.739937302478794079e-01 9.883382185300710887e-01 1.737009969859441227e+00
4.055460735840827891e-01 9.224263784751355333e-01 1.538662365686697120e+00
4.397603609302720984e-01 8.581392768313187425e-01 1.370514976703709031e+00
4.768611697714474351e-01 8.016558019518555955e-01 1.237625832664115855e+00
5.170920242896754893e-01 7.431817334645961504e-01 1.137490189956000153e+00
5.607169938205458504e-01 6.901942887275241967e-01 1.051752747408242428e+00
6.080224261649427309e-01 6.381041870417393236e-01 9.670915380395338490e-01
6.593188271333542128e-01 5.902902716385802773e-01 8.671535487354937732e-01
7.149428986597576863e-01 5.447456320503020200e-01 8.043442564582893306e-01
7.752597488629464628e-01 5.023098566386656749e-01 7.304283665715211038e-01
8.406652885618316473e-01 4.628394864977515843e-01 6.766594655854496487e-01
9.115888299750818380e-01 4.261420919526449080e-01 6.209445983447335893e-01
9.884959046625586554e-01 3.920292933013158621e-01 5.702206204663241573e-01
1.071891319205128701e+00 3.604746444956919982e-01 5.237964055752803993e-01
1.162322468679851895e+00 3.313499779636490672e-01 4.802963323469938151e-01
1.260382929679727315e+00 3.045117697257590517e-01 4.432254097858453479e-01
1.366716356462007287e+00 2.798213112853425999e-01 4.075937229980278187e-01
1.482020705798857030e+00 2.571294420222998700e-01 3.752779222277264903e-01
1.607052818261638372e+00 2.362933466370162050e-01 3.456947721091164216e-01
1.742633386009650787e+00 2.171684436497930693e-01 3.181888427808791109e-01
1.889652339691207716e+00 1.996195838216735519e-01 2.931095355881665476e-01
2.049074689815846284e+00 1.835175259227467548e-01 2.699877977808998186e-01
2.221946860939523649e+00 1.687421140946455955e-01 2.487363822210474917e-01
2.409403560239526954e+00 1.551819400649976921e-01 2.291248637400914168e-01
2.612675225563326542e+00 1.427345114727607833e-01 2.110712293194650369e-01
2.833096101839323921e+00 1.313059203296404465e-01 1.944479463466967373e-01
3.072112998861759259e+00 1.208103053155461099e-01 1.791393020088938859e-01
3.331294787934670154e+00 1.111692584945725010e-01 1.650408340864921164e-01
3.612342699709430338e+00 1.023112040293216868e-01 1.520567019223693361e-01
3.917101490809260511e+00 9.417079635551109384e-02 1.400981145845835996e-01
4.247571552536894224e+00 8.668835937967764305e-02 1.290836530445994279e-01
4.605922041145103840e+00 7.980937182929023765e-02 1.189385406876333484e-01
4.994505115855139898e+00 7.348399958366154394e-02 1.095937616534134046e-01
5.415871378079476273e+00 6.766667237266499324e-02 1.009859178536459401e-01
5.872786613189476590e+00 6.231570067096033061e-02 9.305663296304735044e-02
6.368249944718586519e+00 5.739292941012172355e-02 8.575217852549900377e-02
6.905513520162330998e+00 5.286342410534350389e-02 7.902310112205382375e-02
7.488103857590014734e+00 4.869518672580425145e-02 7.282388067524593611e-02
8.119844993184008430e+00 4.485889812321552234e-02 6.711261614148697485e-02
8.804883581643464296e+00 4.132768419922443898e-02 6.185073635802249004e-02
9.547716114208066429e+00 3.807690377691289041e-02 5.700273410850422579e-02
1.035321843295661637e+01 3.508395582309766642e-02 5.253592152187839398e-02
1.122667773510813660e+01 3.232810413681944106e-02 4.842020506408618863e-02
1.217382727739662052e+01 2.979031802370907950e-02 4.462787856194368186e-02
1.320088400831416742e+01 2.745312709338074489e-02 4.113343281132562229e-02
1.431458937523478525e+01 2.530048915544843430e-02 3.791338043930223695e-02
1.552225357427047925e+01 2.331766975960974930e-02 3.494609479570872507e-02
1.683180353330955015e+01 2.149113238781268087e-02 3.221166174753478662e-02
1.825183494319042410e+01 1.980843821467198271e-02 2.969174333970617599e-02
1.979166867853557221e+01 1.825815469264274737e-02 2.736945236888960187e-02
2.146141197858405647e+01 1.682977199032375734e-02 2.522923699344212928e-02
2.327202478960407461e+01 1.551362667898925282e-02 2.325677457305345280e-02
2.523539170434765921e+01 1.430083195214011497e-02 2.143887399644401823e-02
2.736439997074672092e+01 1.318321380739878937e-02 1.976338581514292328e-02
2.967302408188866636e+01 1.215325265909013297e-02 1.821911955625070412e-02
3.217641750250735555e+01 1.120402988624090608e-02 1.679576763759190253e-02
3.489101213406773638e+01 1.032917888061166481e-02 1.548383535510627559e-02
3.783462617131925043e+01 9.522840211023671925e-03 1.427457645504264655e-02
4.102658105827190127e+01 8.779620528469592872e-03 1.315993384280567634e-02
4.448782831127585524e+01 8.094554890783690199e-03 1.213248501642107818e-02
4.824108704165373496e+01 7.463072214920631921e-03 1.118539184579686770e-02
5.231099308056258224e+01 6.880963584242476803e-03 1.031235434948880175e-02
5.672426068491977702e+01 6.344353161247907880e-03 9.507568148742482836e-03
6.150985788580504021e+01 5.849671494971681561e-03 8.765685304388974586e-03
6.669919663030114521e+01 5.393631008288685136e-03 8.081778265881927117e-03
7.232633896483532965e+01 4.973203485598998337e-03 7.451306683565173637e-03
7.842822061337682271e+01 4.585599394824699943e-03 6.870086855296184646e-03
8.504489341802685942e+01 4.228248885318084890e-03 6.334263596965135010e-03
9.221978823334322328e+01 3.898784324596273661e-03 5.840284343378414518e-03
1.000000000000000000e+02 3.595024245929573630e-03 5.384875301531693616e-03
