# Grain_Size | Single_Absorption | Single_Scattering
1.000000000000000082e-05 6.046880517046527848e-01 6.514964808607731089e-09
1.084365968689610889e-05 6.046881679557611911e-01 8.304709510802064562e-09
1.175849554052155680e-05 6.046883013046800981e-01 1.058893126199826816e-08
1.275051240713012877e-05 6.046884586160333752e-01 1.350143179258772049e-08
1.382622173764656422e-05 6.046886440358921755e-01 1.721502006638077305e-08
1.499268432786047117e-05 6.046888635894441810e-01 2.195003685586567737e-08
1.625755666443793416e-05 6.046890823410538962e-01 2.798742752134913790e-08
1.762914118095948102e-05 6.046893815357227142e-01 3.568541351216108632e-08
1.911644075385703765e-05 6.046897373149714427e-01 4.550074335165082256e-08
2.072921779595369722e-05 6.046901486559165262e-01 5.801579984710423727e-08
2.247805833548725246e-05 6.046906346831247836e-01 7.397314862359779638e-08
2.437444150122221616e-05 6.046911965867489691e-01 9.431959771164128930e-08
2.643081486974102921e-05 6.046918587730392147e-01 1.202623889032637586e-07
2.866067616948250315e-05 6.046926432098168602e-01 1.533408109262949772e-07
3.107866187782013960e-05 6.046915554134379978e-01 1.955170961739452506e-07
3.370064329271925001e-05 6.046912625321926305e-01 2.492941978734508018e-07
3.654383070957254701e-05 6.046919339770240320e-01 3.178630115658728334e-07
3.962688638701478144e-05 6.046927349817787789e-01 4.052918421909879398e-07
4.297004704320843692e-05 6.046936704669774176e-01 5.167681719302836041e-07
4.659525668664677475e-05 6.046947716644509585e-01 6.589063665103776527e-07
5.052631065335679548e-05 6.046960688788974858e-01 8.401400702540107748e-07
5.478901179593944910e-05 6.046975922063152487e-01 1.071222688929984514e-06
5.941133984965039921e-05 6.046993810380018042e-01 1.365865369633984226e-06
6.442363508721369713e-05 6.047014821585648958e-01 1.741550683951897654e-06
6.985879746785248997e-05 6.047039617028535652e-01 2.220569887902268917e-06
7.575250258771920673e-05 6.047068700738270630e-01 2.831345605773580841e-06
8.214343584919422232e-05 6.047102975239292411e-01 3.610118656888013968e-06
8.907354638610440330e-05 6.047143175414181338e-01 4.603098035376134923e-06
9.658832241158708354e-05 6.047190495829869450e-01 5.869203709345444038e-06
1.047370897959449686e-04 6.047246138479696054e-01 7.483561998826294424e-06
1.135733358343105206e-04 6.047311631236540475e-01 9.541965189121612024e-06
1.231550603292826216e-04 6.047388525028013495e-01 1.216655392366797987e-05
1.335451562929898853e-04 6.047478948984762459e-01 1.551306915393610268e-05
1.448118227674532956e-04 6.047585395811105879e-01 1.978009279427831094e-05
1.570290124729377390e-04 6.047710480444583592e-01 2.522083304690197385e-05
1.702769172225899476e-04 6.047857594767707123e-01 3.215815756423359863e-05
1.846424942895542453e-04 6.048030549806623357e-01 4.100375060703143889e-05
2.002200371815584547e-04 6.048233907375633045e-01 5.228256213511452415e-05
2.171117945694505205e-04 6.048473003870779019e-01 6.666396381361112391e-05
2.354286414322417768e-04 6.048754208546354150e-01 8.500149697842554334e-05
2.552908068239516468e-04 6.049084929936249244e-01 1.083835506893831820e-04
2.768286630392066683e-04 6.049473736951874736e-01 1.381980115245810879e-04
3.001835813575589175e-04 6.049931024331921536e-01 1.762146896555785258e-04
3.255088599835056465e-04 6.050468581920065425e-01 2.246904486647626419e-04
3.529707302730650319e-04 6.051100988427620120e-01 2.865034217058037044e-04
3.827494478516315301e-04 6.051844608475853704e-01 3.653238789555813041e-04
4.150404757850472488e-04 6.052719109971134159e-01 4.658326581795435356e-04
4.500557675700497698e-04 6.053747511587411756e-01 5.939994807798237245e-04
4.880251583654433758e-04 6.054956956633738008e-01 7.574381926860834866e-04
5.291978735958442325e-04 6.056379438195924614e-01 9.658601238958374087e-04
5.738441648302393047e-04 6.058052492851576654e-01 1.231652471576647487e-03
6.222570836730231293e-04 6.060020364331462073e-01 1.570616959225845828e-03
6.747544053110692778e-04 6.062335115284587239e-01 2.002912417386123849e-03
7.316807143427192690e-04 6.065055199702655830e-01 2.554258436813925098e-03
7.934096665797492082e-04 6.068246476142112877e-01 3.257472745100372432e-03
8.603464416684509499e-04 6.072006819278814582e-01 4.154439124465683641e-03
9.329304026284686519e-04 6.076432575703436534e-01 5.298614273156563442e-03
1.011637979766207094e-03 6.081639189833316639e-01 6.758240839783238169e-03
1.096985797892384082e-03 6.087764809566533764e-01 8.620456104182170134e-03
1.189534067370319513e-03 6.094972379380597660e-01 1.099655094092229224e-02
1.289890261253307966e-03 6.103454054989302380e-01 1.402870499442092009e-02
1.398713102647238578e-03 6.113436504023149753e-01 1.789862301307271544e-02
1.516716888470922469e-03 6.125187372261190477e-01 2.283861514132382725e-02
1.644676177994664444e-03 6.139022447248977388e-01 2.914583081239585649e-02
1.783430876931909378e-03 6.155315347521114200e-01 3.720056174727046083e-02
1.933891750455230159e-03 6.174508154775411040e-01 4.748981987014882361e-02
2.097046401323232872e-03 6.197124286615994793e-01 6.063775111954768093e-02
2.273965752357927448e-03 6.223784955087376947e-01 7.744495492195928310e-02
2.465811075822603882e-03 6.255227483891594442e-01 9.893939099863056919e-02
2.673841615839946464e-03 6.292329894312562732e-01 1.264425463423552720e-01
2.899422853882875021e-03 6.336137906327365954e-01 1.616555450842538100e-01
3.144035471591500111e-03 6.387887564420129394e-01 2.067715995901378834e-01
3.409285069746810937e-03 6.449097133373868918e-01 2.646238261832347116e-01
3.696912707195028347e-03 6.521566930714478572e-01 3.388792072983268233e-01
4.008806328898464194e-03 6.607470167638385128e-01 4.342955452765933644e-01
4.347013158125022023e-03 6.709447264879305761e-01 5.570625019685772061e-01
4.713753134116724017e-03 6.830717968666928375e-01 7.152567894559705985e-01
5.111433483440165799e-03 6.975233701062060199e-01 9.194524970707073086e-01
5.542664520663107344e-03 7.147879629893356679e-01 1.183542640619819064e+00
6.010276782070381706e-03 7.354747685936648960e-01 1.525849599707240101e+00
6.517339604882419792e-03 7.603513608266019297e-01 1.970626984017526118e+00
7.067181273927491438e-03 7.903933786982693110e-01 2.550087544946256113e+00
7.663410868007454815e-03 8.268685473926167262e-01 3.307127586032452715e+00
8.309941949353395751e-03 8.714498930414005251e-01 4.298918387540160424e+00
9.011018251665017798e-03 9.263917060007401671e-01 5.601492205934594182e+00
9.771241535346501458e-03 9.948412998270953489e-01 7.315263157938891148e+00
1.059560179277615859e-02 1.081390330505163755e+00 9.570907748036765028e+00
1.148951000187308641e-02 1.193174309599810190e+00 1.253428532613790658e+01
1.245883364295008108e-02 1.342275981308188815e+00 1.640902534604461493e+01
1.350993521198026563e-02 1.551629008808897758e+00 2.144285986244136311e+01
1.464971398307286267e-02 1.870690864302135603e+00 2.798733980186587189e+01
1.588565129428052766e-02 2.419304833541429556e+00 3.685169327150487817e+01
1.722585965398785654e-02 3.492809914608911104e+00 5.080400882378636851e+01
1.867913599020782842e-02 5.405525363003775396e+00 7.636303274812493669e+01
2.025501939230666543e-02 6.360074525805752721e+00 1.017903920455628963e+02
2.196385372416546911e-02 4.763603438578036808e+00 9.658193639484217385e+01
2.381685551976158235e-02 3.320600479946547168e+00 7.846320172265322412e+01
2.582618760682674902e-02 3.524021036240552185e+00 6.746333419791386632e+01
2.800503894183630979e-02 6.382718760616117315e+00 7.271717996421436681e+01
3.036771118035457365e-02 6.137973469701138995e+00 6.748397360071842854e+01
3.292971255097151134e-02 4.143550986471004727e+00 5.046930123034327664e+01
3.570785964900462933e-02 5.055807871495257011e+00 3.935010679603743711e+01
3.872038781812553454e-02 5.638876169002887018e+00 2.829109187532218073e+01
4.198707084443910331e-02 4.559859134618927889e+00 2.044913663926485370e+01
4.552935074866947679e-02 5.201720699076043175e+00 1.657613694444496844e+01
4.937047852839003548e-02 4.422385452400263262e+00 1.280119354357365502e+01
5.353566677410724617e-02 4.595003822615589151e+00 1.594415582283853716e+01
5.805225516094895954e-02 3.880919804806865603e+00 1.716131710834367041e+01
6.294988990221887792e-02 3.570337566981797384e+00 1.899870793901874322e+01
6.826071834272386119e-02 3.393859537765951284e+00 1.778690820390637128e+01
7.401959996915644102e-02 3.181779277489551028e+00 1.381173852942001545e+01
8.026433522257174491e-02 3.011863702323345660e+00 1.007270578034836817e+01
8.703591361485166211e-02 3.041025607727113389e+00 8.520553755515919647e+00
9.437878277775381408e-02 3.030609771675200292e+00 9.084019489180896301e+00
1.023411402105452728e-01 2.996685432420551187e+00 9.099033184437754329e+00
1.109752496412072104e-01 2.789331015129829616e+00 7.328552167452233590e+00
1.203377840777590524e-01 2.407429339246070388e+00 6.056410837327573127e+00
1.304901978014401664e-01 2.082714958999615895e+00 6.469338918675317629e+00
1.414991297434576023e-01 1.819678432728998985e+00 6.330015722193963690e+00
1.534368408930013306e-01 1.539839364900059460e+00 5.334009511830729799e+00
1.663816886076127377e-01 1.256132669938923474e+00 4.750199555082525116e+00
1.804186409392071755e-01 1.121745751255600609e+00 4.727906863577677754e+00
1.956398343517064820e-01 1.051402655766717986e+00 4.506982899720621383e+00
2.121451784910627636e-01 9.596218014583186573e-01 3.744919020572496038e+00
2.300430119772916837e-01 8.625606521948959715e-01 3.545944457627811186e+00
2.494508135230316670e-01 7.428869514486745596e-01 3.595314808208411428e+00
2.704959730463137313e-01 6.457635075831588134e-01 3.292516948338282123e+00
2.933166278390042514e-01 5.885878011718828073e-01 2.769930673800300447e+00
3.180625692794118997e-01 5.564078206842745233e-01 2.591543098032178083e+00
3.448962260405759594e-01 5.249881770590725250e-01 2.393290352084250561e+00
3.739937302478794079e-01 4.914257474511835033e-01 2.076408709846200296e+00
4.055460735840827891e-01 4.552149236993512926e-01 1.980490507980192216e+00
4.397603609302720984e-01 4.146550981055773244e-01 1.854148984931686117e+00
4.768611697714474351e-01 3.774909321024476627e-01 1.682795465998040640e+00
5.170920242896754893e-01 3.482467356914827339e-01 1.593519234313869992e+00
5.607169938205458504e-01 3.186728912374501843e-01 1.421890014961961546e+00
6.080224261649427309e-01 2.947572528582952933e-01 1.312442550473963632e+00
6.593188271333542128e-01 2.760905277844636352e-01 1.173737231847201468e+00
7.149428986597576863e-01 2.607184920464669653e-01 1.072013563921794255e+00
7.752597488629464628e-01 2.464166530318513959e-01 9.671912427148759983e-01
8.406652885618316473e-01 2.332709866779195118e-01 8.831331498283346848e-01
9.115888299750818380e-01 2.203101631334619670e-01 8.134175593184980180e-01
9.884959046625586554e-01 2.071367310717160959e-01 7.490726408439242201e-01
1.071891319205128701e+00 1.937225978321404363e-01 6.902832092434102451e-01
1.162322468679851895e+00 1.813795610189444796e-01 6.374411403751545357e-01
1.260382929679727315e+00 1.702372353084980194e-01 5.866112121622333309e-01
1.366716356462007287e+00 1.600608076820706771e-01 5.372734331342946534e-01
1.482020705798857030e+00 1.509455574660257537e-01 4.889173412773446525e-01
1.607052818261638372e+00 1.422325729080253232e-01 4.441533249223967861e-01
1.742633386009650787e+00 1.342894217316048244e-01 4.029384424391191377e-01
1.889652339691207716e+00 1.268099299357288712e-01 3.648344853407132771e-01
2.049074689815846284e+00 1.196256010266568831e-01 3.302985181224749045e-01
2.221946860939523649e+00 1.129614064093444198e-01 3.009014927091515634e-01
2.409403560239526954e+00 1.066035854842150854e-01 2.741582389460411329e-01
2.612675225563326542e+00 1.005393990857968017e-01 2.512629333480384530e-01
2.833096101839323921e+00 9.474402988638680467e-02 2.304301215037824480e-01
3.072112998861759259e+00 8.915265621271518948e-02 2.114678721311700205e-01
3.331294787934670154e+00 8.381370537810704791e-02 1.939202770795669106e-01
3.612342699709430338e+00 7.874626924522076798e-02 1.774267284822947932e-01
3.917101490809260511e+00 7.399837903415502904e-02 1.619290144824866162e-01
4.247571552536894224e+00 6.942329981275877082e-02 1.474213878169025327e-01
4.605922041145103840e+00 6.512443852715775472e-02 1.340142020967412806e-01
4.994505115855139898e+00 6.106187623329236563e-02 1.218242543213801515e-01
5.415871378079476273e+00 5.718300608781774763e-02 1.109400994807147184e-01
5.872786613189476590e+00 5.349283500455223606e-02 1.012939753820134015e-01
6.368249944718586519e+00 4.999471766909605736e-02 9.273515353856895405e-02
6.905513520162330998e+00 4.666991914915496337e-02 8.509983586841987635e-02
7.488103857590014734e+00 4.352519876327756720e-02 7.817605636858535045e-02
8.119844993184008430e+00 4.056334460546348608e-02 7.175503019025539220e-02
8.804883581643464296e+00 3.775439340710222413e-02 6.577128519298779119e-02
9.547716114208066429e+00 3.511545771440384434e-02 6.018754974831167642e-02
1.035321843295661637e+01 3.263729577239999485e-02 5.503757243133597377e-02
1.122667773510813660e+01 3.030762707970240458e-02 5.037840456933269373e-02
1.217382727739662052e+01 2.812630149390478451e-02 4.620282322305213629e-02
1.320088400831416742e+01 2.608577147449578706e-02 4.246603219159902909e-02
1.431458937523478525e+01 2.417850959327869087e-02 3.907837528443925540e-02
1.552225357427047925e+01 2.239833818931927234e-02 3.595180574351888869e-02
1.683180353330955015e+01 2.073929991932181582e-02 3.303783667697093168e-02
1.825183494319042410e+01 1.919541683486577360e-02 3.033557827020097464e-02
1.979166867853557221e+01 1.775788298292413012e-02 2.786850481695204995e-02
2.146141197858405647e+01 1.642300281587579652e-02 2.563571364082030055e-02
2.327202478960407461e+01 1.518322033780245342e-02 2.360752464747737506e-02
2.523539170434765921e+01 1.403279782478600995e-02 2.173840419224677342e-02
2.736439997074672092e+01 1.296609430347640639e-02 2.000365841229133704e-02
2.967302408188866636e+01 1.197777528103497781e-02 1.840546853243267209e-02
3.217641750250735555e+01 1.106252453873332424e-02 1.694689233314600196e-02
3.489101213406773638e+01 1.021537719766055403e-02 1.561233222489919956e-02
3.783462617131925043e+01 9.431495090732060563e-03 1.438033370412152880e-02
4.102658105827190127e+01 8.706494940259752388e-03 1.324330195887925971e-02
4.448782831127585524e+01 8.036188049908082540e-03 1.220019751696068896e-02
4.824108704165373496e+01 7.416643680054910495e-03 1.124187548541918935e-02
5.231099308056258224e+01 6.844160986968423829e-03 1.035795166959645186e-02
5.672426068491977702e+01 6.315281730060419083e-03 9.544389618502863853e-03
6.150985788580504021e+01 5.826809954173874095e-03 8.796081090549322246e-03
6.669919663030114521e+01 5.375735994140502967e-03 8.106485253588513115e-03
7.232633896483532965e+01 4.959279854293069043e-03 7.471502142354549680e-03
7.842822061337682271e+01 4.574841069260287239e-03 6.886668855181158830e-03
8.504489341802685942e+01 4.219992869260306631e-03 6.347858554075898503e-03
9.221978823334322328e+01 3.892513826794710610e-03 5.851491335703134893e-03
1.000000000000000000e+02 3.590317167690090967e-03 5.394126587190107257e-03
