1.000000000000000082e-05
1.068336666138386278e-05
1.141343232215681883e-05
1.219338823624911674e-05
1.302664373724539950e-05
1.391684114122124029e-05
1.486787166798983446e-05
1.588389245035366253e-05
1.696934470571151462e-05
1.812897314945291730e-05
1.936784673499885069e-05
2.069138081114790017e-05
2.210536079358152678e-05
2.361596745400108295e-05
2.522980393744015350e-05
2.695392462584994615e-05
2.879586597412588127e-05
3.076367945336544116e-05
3.286596674535847371e-05
3.511191734215127295e-05
3.751134871504056113e-05
4.007474922858087195e-05
4.281332398719395741e-05
4.573904381478139660e-05
4.886469758144113679e-05
5.220394810601729457e-05
5.577139187884384023e-05
5.958262286574150075e-05
6.365430067216706585e-05
6.800422336547339670e-05
7.265140527360000459e-05
7.761616010026676745e-05
8.292018971998223621e-05
8.858667904100832693e-05
9.464039735094209561e-05
1.011078065879176380e-04
1.080171770107006996e-04
1.153987107732919301e-04
1.232846739442066016e-04
1.317095375475116391e-04
1.407101282421372053e-04
1.503257892981096542e-04
1.605985525733641503e-04
1.715733222428782200e-04
1.832980710832435723e-04
1.958240501706695808e-04
2.092060129090492389e-04
2.235024543673578819e-04
2.387758669725699239e-04
2.550930136757781938e-04
2.725252197855746383e-04
2.911486847443518484e-04
3.110448152103568596e-04
3.323005809014631081e-04
3.550088947561185621e-04
3.792690190732249909e-04
4.051869994062652441e-04
4.328761281083061429e-04
4.624574395541207971e-04
4.940602392041437392e-04
5.278226688228886219e-04
5.638923103225103924e-04
6.024268308710231147e-04
6.435946720850623448e-04
6.875757863197834311e-04
7.345624232743569893e-04
7.847599703514615077e-04
8.383878504441392727e-04
8.956804810744197105e-04
9.568882990762725676e-04
1.022278855301975240e-03
1.092137984137079090e-03
1.166771052936104976e-03
1.246504296840532898e-03
1.331686244813788493e-03
1.422689243126709722e-03
1.519911082952933243e-03
1.623776739188722553e-03
1.734740228097939865e-03
1.853286591902296920e-03
1.979934018991871911e-03
2.115236109023753072e-03
2.259784292809968471e-03
2.414210417572495212e-03
2.579189508865961048e-03
2.755442721240962661e-03
2.943740490545853315e-03
3.144905901646334774e-03
3.359818286283781062e-03
3.589417066799204751e-03
3.834705862524487915e-03
4.096756876790736378e-03
4.376715583730123038e-03
4.675805735358161408e-03
4.995334710823283626e-03
5.336699231206312212e-03
5.701391464850241730e-03
6.091005549907957742e-03
6.507244562619076030e-03
6.951927961775605444e-03
7.426999541917576886e-03
7.934535930023554201e-03
8.476755662836605795e-03
9.056028884504546683e-03
9.674887706924515524e-03
1.033603727807899490e-02
1.104236760674499364e-02
1.179696619526447027e-02
1.260313153559608837e-02
1.346438752764228704e-02
1.438449888287663021e-02
1.536748758060376037e-02
1.641765044878527868e-02
1.753957794628066558e-02
1.873817422860384746e-02
2.001867858490686408e-02
2.138668833989531073e-02
2.284818332078445563e-02
2.440955199624554942e-02
2.607761940160058939e-02
2.785967697233167339e-02
2.976351441631319358e-02
3.179745376408583263e-02
3.397038574601294464e-02
3.629180865533043060e-02
3.877186986696798399e-02
4.142141019362793192e-02
4.425201127301103821e-02
4.727604619332689828e-02
5.050673357838320748e-02
5.395819536866960919e-02
5.764551855100820410e-02
6.158482110660266906e-02
6.579332246575682330e-02
7.028941877723443588e-02
7.509276332127552689e-02
8.022435241777040038e-02
8.570661720511181525e-02
9.156352169090811732e-02
9.782066750315460135e-02
1.045054057997516633e-01
1.116469568255460953e-01
1.192765376395002741e-01
1.274274985703134633e-01
1.361354689969626885e-01
1.454385130914007673e-01
1.553772962041911343e-01
1.659952626203821113e-01
1.773388254626249161e-01
1.894575695716378960e-01
2.024044682508450155e-01
2.162361148226206176e-01
2.310129700083158044e-01
2.467996262134116436e-01
2.636650898730361070e-01
2.816830830920373785e-01
3.009323658981292726e-01
3.214970805167444157e-01
3.434671191724831263e-01
3.669385170248864458e-01
3.920138719561306884e-01
4.188027930456129089e-01
4.474223796917946583e-01
4.779977334756351226e-01
5.106625050030649815e-01
5.455594781168525698e-01
5.828411940315562090e-01
6.226706181197890766e-01
6.652218522644237630e-01
7.106808958905765916e-01
7.592464590039802452e-01
8.111308307896872849e-01
8.665608075679139821e-01
9.257786841632930086e-01
9.890433130209945745e-01
1.056631235699313720e+00
1.128837891684688399e+00
1.205978909813107292e+00
1.288391487942940561e+00
1.376435866910036054e+00
1.470496905207967719e+00
1.570985761276694870e+00
1.678341690753218929e+00
1.793033966540356516e+00
1.915563930086611411e+00
2.046467182843675126e+00
2.186315927480827703e+00
2.335721469090121349e+00
2.495336887315594332e+00
2.665859891086885369e+00
2.848035868435804918e+00
3.042661144727251354e+00
3.250586463546718097e+00
3.472720705460067947e+00
3.710034860900953912e+00
3.963566274552117186e+00
4.234423179773552981e+00
4.523789542898382088e+00
4.832930238571751858e+00
5.163196578755141708e+00
5.516032219564389827e+00
5.892979471761344179e+00
6.295686042483476186e+00
6.725912237680767625e+00
7.185538656743244879e+00
7.676574412953577564e+00
8.201165915698064524e+00
8.761606252824636343e+00
9.360345214159911720e+00
1.000000000000000000e+01
